10000 100
50 0 2677 1818 5546 751 244 6793 9531 1975 1612 1968 2975 6653 353 8015 8842 7177 5495 4089 4733 2084 3958 2526 1664 9419 1336 519 1585 3119 1749 3042 4251 6112 3282 2879 1387 1867 5717 330 2575 1313 9420 8459 5472 9194 6526 2602 129 7834 4817
39 6808 691 8382 7703 2605 4299 355 8162 8416 352 6295 7934 5584 2681 4579 5893 6953 9198 4671 1501 5710 779 4571 2504 6552 1617 2767 1689 5501 9645 452 4119 2292 2173 3173 7574 9944 8096 1680
27 3307 1214 8226 322 6109 1096 6978 6756 1677 7105 4988 4859 6863 317 7121 4896 8191 648 8780 9891 373 1787 4760 6150 3898 6586 8049
40 314 177 8169 3125 7897 49 8236 7382 3563 3574 9253 5636 1551 4107 994 1145 5835 1487 4422 3467 622 2713 718 8642 4802 2282 166 249 2593 6451 4716 8182 9450 455 2740 573 6547 2594 702 3105
4 2874 7478 1436 2518
39 6235 7922 7066 5322 4962 4785 6173 3932 3947 28 9020 9700 1924 537 370 5679 5788 6806 497 2153 1147 8387 177 2584 1985 4908 3400 3372 8860 9030 5386 3493 7934 636 5171 7237 1757 8618 1587
2 3052 8490
13 385 8123 8173 3012 646 5867 4205 9542 4575 1973 9008 3498 9611
42 4255 2759 8916 7903 7560 917 3093 8066 9857 9407 4888 1728 9006 1241 4644 1834 3588 4340 3992 5219 7519 96 1889 1536 7121 9010 4802 6634 8076 3942 8500 1446 6034 7463 7739 1942 4907 6428 1756 5057 1271 901
31 6321 1492 6695 8251 540 2 9107 9025 9733 7205 1150 9639 5827 7419 1501 457 7682 2735 8271 5466 120 7485 9519 312 2219 4919 266 2642 1010 151 958
11 2585 7589 8836 6466 8633 7532 8223 6228 1015 4600 7797
39 2684 9315 7022 8012 9429 7168 5962 9189 4139 967 7272 3188 6197 8483 6261 4144 5549 2424 1057 21 5937 313 6808 51 4795 8329 7887 7962 1251 5808 4382 9156 9107 4912 221 1715 4555 457 5826
11 4870 8426 2010 8998 780 9688 7573 3277 6442 3604 6247
34 9087 4184 8012 6693 4153 9666 1708 1594 991 8437 4576 6028 4704 1436 7620 3591 4108 7024 9389 7964 1201 2460 9660 5382 169 4127 83 5058 1745 2625 7288 2478 7581 6922
27 1009 1050 9471 5166 7804 853 3294 7540 1311 9371 1229 5912 7279 6432 1726 7507 9479 8467 8022 791 8828 8626 8894 6231 358 4890 2472
30 2315 8098 6054 6979 4542 1816 9720 3916 6120 1516 997 689 2646 6684 3452 1972 4196 5471 8155 3757 6215 5686 7951 3378 3601 6016 9821 6712 2513 6829
4 392 6985 4613 6773
13 2996 6458 5813 1022 1079 2027 2592 768 1832 9435 689 9006 6300
3 6943 1043 5957
8 4673 2806 7276 571 8710 6014 1787 4962
43 9945 5103 3936 6847 2024 4540 1432 5501 8653 7761 1500 8936 7240 7597 9632 644 3166 8865 863 1921 4988 1720 5964 5730 3562 742 5052 1631 4115 909 3138 8969 7555 8597 1242 1708 6050 4268 714 8890 9153 2860 182
50 6130 5597 2964 7836 2477 475 4799 8426 5008 7913 8671 9324 3079 2661 3353 3394 317 5694 7187 1415 9953 2708 1771 3828 8588 1960 1202 5041 8082 7313 6991 1718 8417 9869 7442 5139 3025 2315 3298 7081 8639 5091 3237 3428 547 2204 309 3876 5494 9391
34 4041 7682 827 4414 1437 3930 3739 8318 5174 5674 1573 1325 6539 5568 7237 9759 1223 6186 7049 9345 9900 7698 3086 7605 1323 2456 5627 1888 3377 5518 5708 5777 5827 8154
1 3412
26 1463 4905 165 1351 6733 3402 1816 2458 9026 8402 7432 978 5713 9939 3647 5956 7514 6969 5990 8113 4218 6016 4685 8427 3437 9620
8 4264 3761 7576 9500 837 5773 7995 2865
32 129 1608 232 1290 6624 5918 5464 3755 5131 288 2019 1527 8512 1964 5998 5328 7747 8593 1219 1355 1083 5517 9667 7408 4689 1109 95 1645 9364 1994 6584 5008
50 7832 5381 6948 6961 4319 2278 1851 9586 231 3479 1149 2507 6352 8663 3600 5498 1416 2745 9353 9985 2545 6570 6258 7201 4850 9653 5116 6133 7868 4915 2055 3218 6544 6503 6063 4493 1823 345 9433 3694 4738 6849 383 5475 1019 4599 6504 3240 5372 2024
29 8598 3527 3419 3686 8105 6565 293 5403 2439 3035 1034 1514 1678 7817 7109 9060 8908 5861 2794 846 3685 8840 4154 8581 8625 7143 2311 2257 52
50 6088 1853 9538 502 6751 7206 4754 6855 6712 1521 6034 1357 6005 9458 5548 1788 6681 155 1287 3081 7873 3569 5937 8922 7814 4556 9579 2654 947 22 2699 9633 2019 7886 1960 987 4504 3347 9153 1271 2439 7135 8684 476 5527 4724 6959 1737 6283 5174
16 6182 1900 3433 2261 648 2251 2796 2398 8838 69 1623 7542 9930 7511 112 3908
25 5140 5092 6953 6136 3685 7349 7311 5750 5072 9647 6364 6462 3709 5503 5275 673 6197 1142 1340 5870 6011 5338 6122 7493 7295
34 3694 4685 2337 5155 498 5475 6083 4510 2121 6675 9042 748 1517 2716 5318 4068 6937 384 9720 9676 4089 7721 8100 7870 606 7090 5311 5565 486 2068 9402 1411 4507 5872
29 3340 7866 4637 1708 9432 2120 9762 8855 8332 6496 2918 8129 587 144 7926 1557 6484 2069 519 5154 8108 2019 2781 1854 3789 7210 1131 6110 958
12 6972 1140 229 1364 833 1033 3770 6173 3771 3419 2494 4959
35 2776 6813 8583 553 4091 9951 871 7379 614 9653 3139 8455 2833 5554 4461 1138 9010 392 4 1896 5486 5 5561 8551 479 6445 178 3048 7895 8090 530 2662 5939 896 4920
35 6611 2726 7975 4501 1305 851 9895 2823 4768 5029 4089 897 7103 904 17 7134 2670 2084 1471 167 8344 2456 4558 6207 7394 9670 1585 9819 8939 2607 1882 8903 3268 9920 701
38 2530 589 5509 8871 2434 6077 2693 7103 1260 9766 5346 9604 4587 4507 9327 5944 332 115 873 7833 821 412 7412 8213 4968 1183 565 1233 8168 3574 9426 1626 3162 1067 8806 5549 1632 9491
41 6037 2530 9259 5200 500 5854 7777 5810 196 2322 5510 5211 4013 871 5955 2051 9450 2929 250 2129 167 1972 2654 2668 6862 7785 566 1443 6082 6417 8526 1006 4635 2137 510 2692 4212 7646 9326 2350 6193
36 3578 4796 9573 8497 1635 5990 7491 8063 8439 6102 851 9138 290 6468 7287 86 5141 674 6894 4638 2294 6154 9417 4872 5191 996 4941 2164 3515 8524 1256 7495 4262 4148 8071 5675
32 8934 4183 8553 463 2076 8235 6842 2074 7779 1934 6698 4160 6589 8681 7934 675 4998 2023 1240 1055 3354 7318 2632 1631 4197 3361 2869 6355 6155 7340 8172 2784
34 3728 1688 6040 6939 2168 8819 2220 2768 4954 3356 7536 9339 874 666 2174 1915 4748 6384 8093 4141 249 529 1890 144 67 933 3656 6537 8412 13 8029 5656 980 4932
10 4251 7842 9830 2946 2354 2853 5973 1260 4675 7179
5 9454 7727 6705 89 5145
11 4140 8360 2205 3588 9592 769 8813 1078 9359 3477 5730
7 4844 388 979 2101 880 2891 7860
22 21 5101 9100 3951 8962 9141 3179 780 4894 6778 7132 7753 5368 2420 9111 9275 6966 8862 5018 1163 8684 173
30 4795 416 336 6340 1407 5644 4809 4728 4634 436 5931 904 1350 168 9795 2638 3096 4203 1052 1212 723 9045 30 7144 92 646 4646 3240 1006 1933
11 5962 6591 6840 8929 1095 8690 3532 648 6552 6943 5960
14 9833 1120 7941 4173 6814 3149 9104 3846 6164 1338 4555 9533 2233 3679
23 6657 526 424 6152 1595 1995 9774 6684 2191 1524 8839 9145 9265 4955 9241 6345 506 1286 3109 8160 2827 4387 8625
39 7345 8537 8134 7249 1994 1 6892 1436 8071 7236 2066 8822 6354 886 7490 2099 1857 1684 1268 8587 7772 6794 5762 8161 6140 5048 2765 979 3492 5430 9198 4705 4533 2661 2479 3985 572 232 267
4 5007 4275 5874 1695
5 3090 7634 3126 8768 1710
32 9466 4304 7548 1649 1398 20 8678 5600 2516 8769 2477 8219 2717 1337 4479 5805 353 6684 2406 9092 3257 5457 3090 5698 3562 2038 3224 7318 2157 8404 7818 2475
9 790 697 1263 5634 6075 7512 9958 396 8442
28 1024 945 3862 4944 7912 682 7234 164 6799 1466 2054 1209 9913 881 6371 2831 7334 3936 9188 1233 2547 1342 7413 2809 946 2795 1176 5734
2 979 4390
2 9397 9460
48 1086 1433 804 5685 2377 7108 8253 4838 1169 5263 4378 2344 7615 458 3863 8648 2026 5797 6771 5382 3989 3491 5465 5764 8073 7388 9360 1213 6789 4338 688 1545 483 3526 822 990 3774 1883 2378 8488 7121 1323 9054 4220 8512 5914 6921 1721
28 4104 4197 6929 7428 8138 8582 1527 4264 6843 2141 2840 5170 6063 7707 6575 4023 792 8506 1428 1545 3277 4952 7861 993 7735 3109 7288 2315
43 8752 6287 2146 9412 7676 845 8782 3344 2201 3720 8427 3357 4656 8687 621 1236 415 2606 368 6056 1430 768 5348 8816 2209 9684 2489 2506 9015 5091 3815 9566 1810 6561 9874 2033 0 5874 6172 9547 5961 7775 9691
40 6514 6425 7244 5737 2130 6173 9800 8812 371 1033 3463 3549 5499 8094 2930 6476 5211 4966 9197 9522 9208 4168 7940 9575 1000 89 3573 3636 159 9301 4959 5323 7755 3055 3306 7430 220 3989 2071 5854
14 808 3864 6205 1295 1867 8643 7781 1643 8041 1572 5330 6409 3675 209
33 5405 9818 5729 6180 211 3010 5519 5351 2691 8296 9532 5091 8247 174 8547 6804 6303 4165 4225 7494 1189 7186 6501 2925 2525 8163 3748 5063 3999 1523 2784 8926 3288
31 473 5266 3885 1021 4900 4358 2673 5661 8044 5017 9353 6255 1142 9656 6831 1735 9146 4578 9124 4875 4990 4013 9738 5741 5461 2167 7680 3256 7849 1183 7918
35 3636 9893 1300 8399 9941 1711 3951 2454 6193 1646 6268 2865 5080 9697 8751 5174 7385 1064 4166 3167 4841 3211 7737 2206 3376 3147 8277 2897 900 9257 5770 9030 5210 1047 466
45 6330 2380 2579 4234 9955 6940 5142 3579 591 7814 4824 8859 7400 5312 3265 4934 5627 5520 1412 15 8316 9884 6198 806 7978 453 5891 7341 9348 3391 4509 7031 1996 6932 6118 7586 7771 9305 1712 1078 6757 6546 6494 4574 6593
9 455 7470 1541 2689 2647 801 1777 5275 7520
17 7673 7760 933 9897 1876 1678 6076 6482 3231 2559 117 5008 8063 9601 3754 5969 2601
36 39 1220 6165 437 4651 8265 1936 9465 9071 1048 9137 6156 8215 6628 9423 2362 6743 7633 4064 9805 72 4340 7509 9704 459 8426 2820 2019 6334 8396 5206 440 2476 3809 4499 2478
50 1988 8506 5604 4815 664 9798 144 5474 4073 8733 9417 3803 260 7802 7377 51 8970 8830 5783 8270 18 4098 60 3722 4749 1600 4821 5048 1277 1283 976 3018 8696 4812 2010 9198 3721 2503 8128 6522 4520 2541 5685 3864 5179 1850 2468 3380 8781 9090
21 4228 5934 1632 2709 8231 7356 6831 2034 2785 6720 2653 8484 5766 684 1085 5555 1492 1219 747 1652 5991
16 2309 5589 9703 1181 2488 3804 8676 8260 249 9035 37 9257 1606 5766 1277 785
49 2792 4511 163 8425 4371 7108 1864 9316 1846 3067 5551 6172 9076 384 4917 639 6131 655 9523 4141 9698 890 5208 5403 191 8426 4456 7724 8455 2755 5685 7533 6543 4540 4093 8703 8659 3469 6692 2635 7997 3544 1572 705 2184 3613 1699 7426 1973
46 5620 8751 6350 2383 7967 4945 1017 3147 6773 1834 9584 3362 6015 8331 1470 973 6855 1736 956 5912 4633 1465 2622 8038 1067 7186 9575 2535 8539 8166 4820 3757 7352 6407 2311 155 8195 2097 8963 8975 4535 536 312 2273 6279 1390
50 172 7559 7754 8760 142 3999 4598 4769 5451 2747 439 507 342 5749 6723 5112 1394 1223 4717 1255 1381 5324 1220 5747 8942 1303 4110 5224 537 4294 5919 6184 5057 1176 6206 4685 2038 6412 6426 8832 1247 2252 1736 3818 401 1418 1489 2024 5120 6202
39 1972 7878 4864 8435 4594 9874 4795 7588 2952 8306 8419 7796 1554 1268 5135 2989 3701 3817 8506 5869 1330 3611 9382 1566 6237 3489 4177 9224 3470 9392 8184 5972 1143 3333 8409 996 1928 9616 5197
47 5552 1443 326 7431 7573 3772 3798 5981 5894 8942 8528 215 4126 7287 3634 9631 2379 5021 8739 9520 8864 1386 9993 9141 2264 4378 2559 1761 1213 7043 1317 17 4664 7685 2232 831 1641 3025 1220 9512 2008 1678 9735 5120 9517 5274 1431
35 3678 2286 7591 7569 3591 7605 1382 3411 2255 6751 7224 881 9112 2049 1658 4039 9815 2175 2432 9603 2661 3276 81 1588 4069 9233 8693 3536 1303 1597 1661 4294 2220 2748 2069
10 75 7274 1798 6936 4852 6362 8398 1339 6562 18
7 5341 118 1929 9766 5421 1042 7029
12 4971 5827 6222 5284 1247 4788 1303 9069 843 9678 4046 5749
33 6708 8945 2081 4315 7214 995 9849 25 468 8431 8571 9500 5341 4141 3619 5556 392 579 6233 1636 9548 1902 2700 9638 1243 465 6398 5533 1148 156 1056 7723 5081
40 2768 2132 550 1379 4191 2818 2004 4720 6792 3002 7604 641 3918 7344 8591 5711 1829 7239 3686 7400 7443 2923 6214 8946 7784 1378 5774 5231 6493 1504 6596 2706 4089 7882 2260 7346 6282 2270 5546 108
3 9857 1379 7901
40 9257 5023 6304 9311 6652 9050 4021 1027 919 1211 2099 4292 2308 6124 3599 2804 5942 5851 8717 3207 3815 6560 6135 2593 2693 2512 5148 449 4984 1793 9802 1198 4295 2272 3423 1537 6731 3263 476 6580
26 9251 1836 6681 9770 4349 8691 9582 5990 1719 4570 1439 8626 5553 5162 7373 2303 284 7575 4637 822 792 7632 4596 3826 2729 227
41 780 143 7350 2236 1702 4854 5556 2639 8891 490 4116 6962 2198 9039 5632 7035 227 929 949 8180 1076 4984 7222 1471 725 3742 4550 40 4818 6451 2597 9051 8551 320 2635 2213 8279 8507 7219 6783 6785
22 8122 8392 2416 1389 1064 706 2978 7798 2957 353 8428 1466 6640 7647 7260 60 1124 5715 8767 534 5741 226
13 2315 8962 1271 4384 2204 6274 656 4243 5672 6364 5097 91 9383
36 4557 3224 8089 2525 8073 9999 1626 7710 4019 4979 5353 868 1419 1073 3578 7586 5154 3115 7000 9139 7480 6760 6671 5961 9962 4041 7625 6370 7148 7039 4071 636 386 987 4386 5627
3 5334 7794 7800
46 2114 9279 8092 4730 4432 7382 2621 4096 5492 5903 7848 9458 4982 4141 544 2869 5403 5013 8613 2393 6835 771 8217 9691 8276 8857 8415 4079 6807 9337 5301 8636 1649 4916 8356 3768 7141 8020 821 4246 2759 4600 7174 9132 1460 5582
28 1706 9537 710 9901 1992 9729 3539 2583 5360 6315 1557 8914 8988 6859 6054 9630 8769 7480 7698 6325 2732 7558 7530 8723 2491 7981 4858 3848
44 1433 697 9339 8496 1331 2706 2753 7650 496 705 5246 2743 9 7663 5324 1622 3531 322 3994 6714 1023 2639 8534 6366 2413 2225 3886 4343 3436 8030 4772 306 2973 696 4432 9424 4889 8578 6026 7150 2280 1027 7048 1354
45 4704 7716 2724 7693 2181 9858 7969 1838 2643 7232 9958 1264 7153 9359 3315 622 5052 5954 6685 9752 5521 8949 7600 6300 6557 7055 6053 1057 307 1546 7633 1126 5325 3571 9742 283 8710 9709 6030 4238 1272 1003 9341 969 562
33 7078 7481 284 6347 520 5506 3853 2273 5835 5330 9997 3977 3230 100 3079 6095 7714 4437 7297 7776 4509 3372 5727 7060 3016 1749 6132 4142 1961 9519 3275 2386 4696
26 438 4007 1996 2340 5876 4812 3862 6500 9064 6176 6401 1047 2616 1836 1895 3483 6275 9860 1096 6327 2246 9215 3511 1581 5489 4514
42 4969 1013 6691 466 8079 1809 9933 7376 2420 510 8000 5579 8011 4583 3835 2758 3907 8157 2636 2936 3711 4730 1222 5191 4118 9861 1733 3491 2924 5493 8462 6214 8209 2073 4811 75 1016 8582 6997 6237 747 5411
30000 500
5 0 27345 4509 2498 28386
29 25984 3216 27221 24987 28088 18559 1743 4722 1776 25057 18430 4165 26956 9113 21435 22694 12958 12412 447 8907 24796 25598 2713 25929 20690 9738 23325 26912 5396
24 12062 3576 14647 12807 8735 9130 17728 23242 9335 2002 5469 24133 9683 8132 22995 9972 13521 13804 21304 569 15562 9274 7906 21742
49 27118 10143 1388 23447 11729 3750 9356 15575 7284 8398 5147 15187 1676 11262 19379 3157 6046 18661 19352 4124 27688 27883 14048 4983 12481 22631 22743 20370 10417 13586 6561 7183 23780 908 9761 1880 8938 24637 20250 18740 5443 5807 25492 17305 24794 23770 2690 1474 3023
49 24481 1408 6521 22139 22435 725 12204 11923 12173 18879 8503 28756 27486 18002 433 6543 10225 7945 9846 4032 17444 18782 14572 1040 9530 19608 15883 14012 6782 9957 14108 4326 9257 2216 16320 28266 8582 23060 19765 9764 10836 16122 29397 16784 5996 3295 20447 17282 2420
1 2682
50 9714 333 1735 2795 12757 27641 29271 15500 4848 18919 11021 6191 456 8252 27397 12450 16593 13404 22500 29570 19444 18155 354 15790 2532 27615 29430 5115 29185 10458 5376 21546 10956 19896 1773 29207 13868 15203 20678 5426 7968 3311 11562 10803 2518 22243 6990 15626 156 28884
9 12053 27445 2057 1094 7574 6046 9082 19068 3172
34 12362 15 10465 7418 4151 13909 14635 13064 22655 8289 2967 2342 21030 14076 1323 25227 15173 17573 22410 5311 12965 29398 21830 13023 396 15497 15921 27218 14295 27131 4644 29148 20041 1152
33 23235 17187 6839 20113 2049 25845 7215 3745 986 16307 218 8205 23262 24587 20241 26634 1521 24822 9256 18043 8633 606 29908 8293 5239 28959 6394 28323 12778 22400 9194 9435 22129
47 875 1200 15727 1644 29496 12601 5875 16319 19420 5810 8345 23517 5787 1346 17835 9968 1217 18205 2700 1765 19294 26907 18263 23417 21250 20297 147 9367 5317 25582 5706 25313 18570 4592 28810 26253 18565 10824 13035 114 19963 15795 13698 18786 27465 16042 25653
28 26408 2661 5152 23353 23855 24892 18488 18190 18330 17790 10542 4661 22089 6725 13463 11779 14092 4281 26441 13055 13085 21684 26376 29683 17902 22646 28514 18243
40 2203 1495 1358 20965 1818 14653 9267 15184 126 28771 18438 23114 18090 3061 258 26239 28104 24479 9777 9383 2627 18037 7530 15881 12135 22163 20587 12605 3685 720 760 16439 20523 25305 12898 2641 11683 18603 5498 27336
22 11552 13960 8858 11317 12766 21928 14190 10336 22956 9364 9701 16518 1750 23416 26703 23879 14547 4097 16753 27367 19750 695
1 12611
7 22158 24195 26634 25905 26295 25759 23337
46 11964 27667 13191 690 924 12062 14323 980 18004 845 6747 4 9935 9465 9534 22802 28894 23569 23907 16538 4507 24090 27596 5147 26154 4467 25574 1433 21394 5598 14850 2111 4299 13884 2264 14904 22297 10136 11882 10224 27800 14695 14168 12887 15639 23310
36 5782 29993 6821 14659 757 21370 251 25516 15596 9312 28378 15774 29865 7090 24460 20685 20369 221 13469 4385 26682 24884 28387 16814 25784 15496 908 9702 13063 24569 26007 21261 25769 25355 19126 13806
48 1485 5426 8397 19005 6230 319 108 20778 704 5809 16498 13157 26393 20159 22072 28798 3016 18183 19366 16804 8013 9683 22638 16395 21788 5019 1414 19089 17580 28107 28364 28320 16075 5829 20245 22614 3380 1834 28743 3555 20579 1110 19928 1283 28584 8233 6839 2766
48 26125 19001 25852 16911 22836 9558 252 26154 10274 16405 25494 26675 14700 25413 7456 22925 143 15982 6014 4643 29475 215 29086 20548 25985 25065 2371 2738 819 4100 17136 10485 204 24401 2311 5621 24424 18183 17970 24776 23093 7698 24322 24521 5921 401 28374 2538
20 25279 19455 1307 27571 13124 5921 21003 27453 2444 23004 27742 23286 19337 892 6367 5340 20693 1758 20520 14582
31 29925 5792 21722 13205 27 405 9331 28840 11659 4747 20481 21488 19999 23763 19297 14438 27957 10591 14991 121 1048 3284 2617 18092 24524 9185 21686 2220 8281 27088 6758
15 6924 23898 14107 17286 7723 26560 13033 1842 471 14871 28506 19944 2599 5347 8374
40 13986 11752 27777 1529 2253 10301 20804 24279 22 21154 15249 5312 27696 8211 27713 19682 9585 3742 5120 13517 9336 28785 18444 10583 15634 19255 13369 12433 95 16805 11833 20474 2608 15183 3610 4850 15796 16065 28688 21873
3 12747 17269 9976
50 29724 19214 22984 21722 2066 29328 4691 4683 15825 7522 27376 17780 5267 21157 2722 17678 17983 27250 523 21159 12604 8290 23021 24901 5255 12116 20450 12108 20995 23146 5436 14241 11025 1877 15231 15888 11105 19923 2814 1467 13832 8309 6291 10740 26834 29350 25491 125 18905 2745
48 20174 29526 6242 4354 20679 12728 5784 22417 29127 18419 25209 22900 1996 19995 9631 1135 18907 24113 5329 29111 1442 829 29389 28073 22620 7836 12356 10172 28405 14236 19751 7861 4462 26950 24353 7450 2132 25211 24933 23016 21644 11331 12713 4488 8354 10849 24178 11008
21 2603 10899 15719 28086 5016 27120 2459 4722 4251 7048 15414 24764 16047 25779 3005 335 2435 20903 1819 27842 14073
28 10318 869 7066 4611 2609 23660 20748 7769 2458 4175 7414 26144 2292 624 6466 3944 28623 28159 7540 14457 13543 14874 21051 3349 9091 22841 9030 16637
28 14282 857 5047 763 2280 13984 16781 2277 10609 5955 1497 24229 16520 2106 4736 4936 10008 2659 8381 1967 21706 10194 2544 18872 29529 10600 16598 5741
29 19111 29226 19580 3044 24516 284 25320 6254 8702 29265 14333 2555 5679 27004 19593 2374 16801 28348 16201 21238 8482 3957 7330 1181 5723 23427 22161 6336 16221
2 949 20551
24 7734 28076 10839 10338 12938 26091 1279 1628 19031 14994 5200 10999 20937 22958 22241 17105 11739 5089 4433 23464 282 24079 3902 21431
43 23387 19094 21315 14482 17234 2300 1137 29226 821 26733 2090 2040 25245 7971 4193 25509 25226 29369 405 1560 28797 10897 2418 437 15351 371 1773 20275 24416 23158 20111 18851 1740 15652 26689 109 21020 23769 4650 3853 10641 12140 17109
17 7782 22289 28854 19525 9679 25470 24254 22146 24412 11853 5933 25827 1650 22178 2216 1865 6140
6 1115 574 94 14514 17792 12327
27 10919 6481 2535 25111 1901 8442 133 17071 17859 23555 1599 7751 14567 3084 2046 22708 27358 29098 1756 26172 22567 19313 27363 25419 28107 19282 29463
8 6535 248 26295 8806 9517 8589 27585 9951
5 1010 9908 23774 25343 2799
46 2524 22844 27607 26692 29422 15629 8848 24536 29244 24906 21153 28553 181 9592 16013 27814 2049 20461 18784 19414 4279 21301 13959 12706 8401 693 7140 27699 24157 1374 14882 14941 19061 16068 12102 989 10352 21920 14215 26335 25946 24914 28768 5026 1963 20963
32 20243 24618 21072 17931 7429 3973 26598 19602 7381 6699 23801 5259 7314 11320 10821 1891 26105 664 19330 6992 22436 14687 16953 1786 7806 23433 15061 13850 9082 2189 2045 23954
40 25223 26657 28638 6073 2279 18771 8601 3027 29940 2601 5955 20711 27588 8192 8257 1618 9872 1155 8997 17137 16660 22603 7984 8336 26421 3113 26389 7077 1510 26498 976 6975 844 9723 6103 13625 16928 29302 2496 691
33 2555 8163 6338 252 25594 27505 1079 356 14079 17381 4286 6533 4968 650 4728 12191 643 5949 19339 18206 1515 23156 15400 705 27397 16511 3566 4603 2502 21006 14941 3482 7320
23 93 1958 17116 6186 12576 21132 17553 23063 19317 17275 4406 734 16158 29711 12 16409 26261 18221 20848 197 10282 13614 23144
36 7744 9023 3708 15244 4025 18951 23495 29949 19631 28555 3405 21621 17253 799 10127 275 24957 5054 29533 15046 5483 1996 10988 3889 1065 24538 2040 13195 18220 730 23371 8698 18072 29875 17583 1552
45 18151 1248 7302 26512 1859 6134 16985 27166 25847 10530 23794 9534 13078 24454 1162 10309 21024 27978 26125 8113 16110 5356 28478 9495 26638 6359 25564 19292 22817 18744 14900 15144 13696 9229 23 29592 17958 15230 686 819 7882 22129 1706 19744 7755
2 22513 11926
50 30 23094 6291 26162 13155 999 29137 29970 564 14477 21750 543 18366 5488 2522 23324 2420 20281 559 14443 21647 2524 4236 16401 165 8182 29579 9764 125 27763 836 2984 13602 13619 12857 11115 518 5405 323 20014 19081 9877 28620 18949 28650 7674 15423 4353 18749 28019
38 4875 17358 21996 14354 483 15589 2395 5863 28523 5275 16968 9528 11629 25323 29836 5129 14436 780 1577 19285 11178 26878 26746 3144 8205 52 22748 942 17527 15249 29262 24746 27087 28133 28293 17323 1562 25690
22 6556 29414 29018 22649 14171 27368 932 18890 18797 2788 2142 22481 27632 22989 6333 27846 2464 7214 4051 16158 2622 408
47 10577 18270 9340 15228 11999 8512 17260 5163 21141 16914 2094 20579 8716 148 3937 13570 6772 16844 29874 4452 19087 8954 14560 22763 22016 2718 13615 1455 15814 10457 15674 27769 4612 24130 2477 6458 28931 25274 6482 11649 585 15025 12186 28509 1548 27594 1263
11 18 20621 7063 27957 26523 21597 15659 27827 1409 11177 13785
8 13790 23654 16663 12125 24559 10940 2233 664
11 15871 1556 21892 360 4578 2356 4081 24446 2023 7787 27860
27 11546 1067 17321 14075 2047 28406 23355 25952 713 15604 17777 1853 17868 16293 11627 1387 5685 9687 19405 9926 3321 7162 43 13433 14859 12930 663
9 2002 909 14534 29771 29402 23494 19305 13497 27082
24 28587 21653 27030 15688 12359 23164 10741 2605 4812 2143 28182 3584 3570 4726 19854 332 14895 18853 2454 26813 28806 8925 17011 17613
11 14838 8501 25759 16157 20701 18852 24619 14636 15065 10360 2156
2 3346 29128
27 20391 14419 25541 19708 15071 28687 8616 28753 5415 674 15081 4573 18390 1754 12978 4466 14215 694 7059 2480 23917 28525 7031 5158 2790 16050 27607
30 2898 17719 10797 11338 6181 11888 3244 17043 21307 23961 20270 14162 15212 24570 27758 29354 20321 21610 583 11462 21157 27666 10588 5311 26879 26739 506 24256 1744 15019
36 2104 7896 10227 1036 2671 25710 5997 25137 8845 23471 27933 16392 14487 9765 5684 8331 9196 23756 10901 21418 28175 14114 18322 200 9109 10366 2038 6309 11330 26530 15689 9644 28271 5267 20047 21581
15 28841 24274 16830 29873 23778 9377 542 27240 4731 3545 15786 4714 18882 7267 11827
35 17190 6846 4304 10234 26256 3583 24528 1988 27894 2326 26866 662 18477 17746 5081 1871 15614 9256 27834 5320 25469 2304 18264 22285 406 25456 3634 2493 29673 12509 4602 9123 6360 7967 27978
1 29149
26 20627 25885 28449 5273 19030 9383 6475 3589 24470 9370 3478 15093 2189 12954 39 26575 26014 7373 14493 26497 16523 2317 15593 25354 11752 10878
27 16956 25295 1888 7438 4544 4822 3334 5454 2650 27198 4968 27544 7534 829 423 27289 10948 7838 20975 18313 17288 22232 28146 16569 7829 26396 1010
18 8691 21731 1854 2231 9629 11464 21585 16075 21384 29313 12536 19107 18658 19731 24995 9913 23703 17222
44 8239 12058 7255 19087 21066 26466 14574 4290 26385 16691 799 11364 17943 20638 2212 21692 9621 7883 27291 12481 12731 1014 24444 8505 15944 25272 23358 238 13913 10376 18698 4933 15998 14209 21279 18498 15635 7526 19912 24454 15566 15331 20107 10442
7 17941 17316 689 18321 14157 8114 10152
40 10001 28079 16913 25446 7780 24869 2978 2590 21064 13983 1751 6577 26496 814 19151 10380 9114 1566 18565 5911 12077 10297 21277 17035 19808 25913 27027 23044 11435 13171 8910 2519 13538 21762 3018 28965 319 3890 12534 5552
3 23791 22235 18926
43 9597 9727 14684 11272 19305 19977 3861 28570 10175 25637 27299 9605 17789 170 5909 28782 29000 24571 14417 6511 29022 2731 25260 6496 1180 18660 20664 18261 12513 25865 11101 20583 22498 410 6188 23736 27647 1624 495 1457 21382 26794 20357
49 27479 21312 1981 10269 2200 28918 19104 13506 17065 24315 500 27071 6490 2610 14046 898 19292 1704 24104 21599 22888 29091 20400 12025 7099 4302 11770 5622 16756 28376 2178 430 155 19891 11584 3274 15240 12138 23267 27853 15619 12724 2277 19014 2681 18377 21503 26954 1170
37 5648 13857 2048 314 4858 2624 19578 8410 22782 15735 9034 19013 21866 22380 15364 3984 3424 24 1097 22872 21464 14256 27915 22917 8424 19703 2065 1826 28228 27538 1869 3180 15617 20684 4284 23336 10398
26 27357 23354 11076 1858 5878 26484 541 24440 19651 3244 2564 7545 14481 16145 23467 3900 19290 1167 20675 17877 22066 1888 20615 22300 29921 7221
3 20061 3026 22662
49 5457 23852 11543 2085 26957 1038 20492 28979 12474 3616 21294 6324 17605 23191 23358 8804 855 18490 24969 16427 15688 28883 13244 674 21712 4872 9722 23747 8254 14907 11052 5904 25836 7598 18328 23479 2370 1467 4534 14885 1562 28515 13630 25336 3732 5461 11398 19465 18411
10 9227 21930 8120 12990 15437 21804 12694 4153 7649 10405
26 15295 5057 14319 3187 15020 8166 1780 6727 8389 15897 15657 16000 29651 18694 18009 590 29329 13714 28836 13535 17096 6254 11207 15757 19129 10732
21 24150 14779 15378 2743 1372 1061 22254 15176 13773 22126 28456 29588 2566 17299 27358 22858 23764 12985 26795 21598 2907
1 2009
29 17947 1287 23002 4363 19247 15245 5185 14894 28664 28887 1926 3601 22986 23351 15706 26402 12004 10044 12935 18973 21414 4127 12716 24973 2046 22365 12888 21136 1012
37 3476 20186 7047 28406 18294 2044 24839 23554 5875 26598 8036 10965 8181 12971 15094 23739 5037 85 27039 558 11051 26393 8703 1839 12332 7420 2790 8455 2099 14965 2527 9998 171 1877 987 21725 1131
13 1611 22239 20907 6094 18818 28925 10742 318 890 842 10897 5242 1718
50 24123 23311 22696 2140 2053 18078 21621 25343 4196 14743 13445 22 18565 3397 18063 7939 688 14603 1476 10990 26640 2493 28475 24726 25314 16721 1933 29244 22188 26119 8097 8893 5344 27272 18955 7166 24288 3451 609 1164 13588 12670 5359 6276 7227 23842 4091 18865 19710 1799
30 10997 459 17995 13685 10986 22240 28269 21543 25032 28838 55 12984 346 23617 3595 11407 24396 24165 5276 11043 248 9323 14256 2691 29217 2980 15397 1335 25903 29421
45 7830 2189 19075 2800 25881 5439 22041 14361 6944 13032 21800 27919 14100 15051 1415 29216 6812 6208 13371 29448 18964 26505 20624 5559 14395 25269 13673 28245 1275 5573 7380 29828 607 7694 29153 24037 27408 942 29877 477 18192 9570 25818 10905 21147
24 9689 543 4762 27552 4619 13255 21322 23432 28588 18715 26093 5128 15409 11195 26304 5051 16859 27315 7980 23215 11149 17457 22592 17167
30 25409 12639 19711 1123 10972 20278 25032 5728 12833 449 21045 11644 21986 27055 5181 1718 866 5171 993 18085 8285 26332 11096 7468 13385 27095 22122 12078 14044 24979
29 13491 10190 6005 4487 7276 21472 6862 23828 29763 27421 3594 6343 16439 19552 21546 23791 13159 10774 12916 1034 2620 27717 14952 15589 11756 29646 4087 2053 14444
44 24560 9286 21094 20235 6843 11970 6556 2686 18249 1220 8363 7884 587 24606 2019 2329 2162 5351 6230 22206 5143 14921 5423 9083 17741 15530 14150 2712 11763 1777 26993 20542 1196 2076 3201 16535 13432 27804 1821 2705 14000 16576 2180 25117
26 17961 18086 29953 12142 28892 22243 28806 8295 14998 19973 3953 13039 16480 25281 17461 3070 24162 24426 21351 13092 15868 18358 29298 1648 2579 3013
13 9616 15785 27743 8169 6201 16561 29822 27950 13258 18209 11276 25384 1068
1 26605
49 15356 5218 23360 14116 28652 1642 19938 11858 8550 8239 7220 2181 23667 27306 25631 24868 27868 17551 853 4629 28303 16674 19161 15633 15683 26956 3009 27493 1887 4846 24891 13595 2072 17013 23502 20264 11482 19119 29154 18919 10730 7901 22915 5062 16969 2825 12130 5184 18139
24 3868 29451 4296 5413 191 24466 1523 27014 24459 27813 8138 16175 7669 21615 23437 7617 2802 14505 23954 1449 1857 13070 17911 28204
10 18959 6074 27607 2966 7623 470 960 4158 24881 17327
32 16697 29593 12464 7670 17648 11856 5939 28084 245 15012 3745 15725 17204 1039 28890 27281 4760 6831 727 1607 20656 6646 4238 4540 2755 26531 21 21691 15171 24305 8203 639
37 15374 13620 8389 3450 23502 2915 25893 13778 9121 3485 1905 4892 9667 10619 29055 19806 21938 464 9044 11680 24805 13452 1378 13042 2699 14304 5923 897 21170 4771 19238 20999 8153 29685 20506 16049 1160
45 28713 7429 28494 22729 1367 15667 251 7741 27466 14795 23807 763 17788 14719 24643 24445 21358 2299 6135 13183 16720 25874 1755 23616 17919 15466 10722 27708 19998 4636 7140 1335 23912 24517 8595 1132 6724 14336 12720 14823 14234 22759 19839 12080 12518
42 15736 16681 3211 23156 1599 4409 6249 20717 10710 4522 21681 25986 2322 12624 248 19 1051 27244 2651 9754 25176 14543 771 11787 906 15171 14873 8123 26648 1062 28091 24623 492 23896 17759 10711 17531 856 9623 16587 19978 7081
32 15444 4175 27259 4817 2478 22566 2951 11578 3084 2133 12859 8170 2221 20402 13591 23149 542 4531 26711 18466 15888 6919 3026 5778 16987 28819 20514 13825 27955 27103 14085 18499
45 13954 21251 29137 9446 22491 10833 16668 8612 25346 16630 8225 14845 7934 3628 1086 15528 21305 24841 20548 20737 23089 814 7373 28168 19567 20960 23248 17069 22461 29829 1138 29515 5780 14897 20511 20594 1700 23698 6618 27369 9911 18760 417 10483 13064
31 10037 16594 22928 1925 23112 15498 29906 8902 904 27367 15864 425 26923 25025 22028 14579 795 79 28523 845 9188 18906 11127 3090 6683 24548 141 17275 23330 17736 15415
31 14073 18643 114 2323 2343 22579 1106 24272 20218 27391 20244 16727 1291 7928 1844 15637 14821 27023 9201 9631 10055 679 12846 360 10376 27803 19562 15318 18491 15747 20210
1 11059
8 7253 9978 6297 12165 1561 21573 18491 5209
43 18336 27431 729 29085 3507 8825 642 15116 11374 22641 8288 16224 11758 12233 28952 2616 21152 2069 29740 25507 11944 2651 15483 26259 13956 18741 519 23439 2492 4389 251 11177 13309 23832 18925 2688 2967 14974 26464 24486 14084 1114 1885
29 6106 7813 16739 24029 15394 2103 2716 22193 26041 13224 258 4419 8439 29780 17218 18972 11919 23134 16111 16113 17590 13622 25786 2723 27528 925 13105 24742 887
32 9398 7892 28197 26468 9602 3907 16548 4042 10986 26756 18619 19251 20448 2077 25500 16925 6844 1529 1780 22670 20541 366 19475 7336 666 9327 13901 894 29950 12532 14496 26662
41 17383 16023 272 22911 2640 15469 16277 29710 15748 2678 19923 21133 12184 4027 7865 25599 1772 2740 17502 10987 12550 12380 151 23461 1005 18607 17352 12238 26488 21047 3578 4894 5397 27383 26158 3425 24302 8135 23537 3520 24089
23 18225 1554 20750 19100 14927 11923 15967 25895 23157 14595 12195 27608 4650 7377 6323 21366 21028 23210 16154 13491 21597 829 13766
12 5481 25905 16644 28408 726 24201 13995 6454 18165 15111 11926 19846
13 15870 5976 22149 23421 22668 812 3280 18058 1704 16683 23402 16441 24729
27 25438 20854 26584 11618 677 4454 966 2169 16969 27387 240 6050 28619 24774 434 14616 26051 17164 2506 16497 18374 3099 23439 21897 13708 22238 27970
17 14674 9136 8355 29016 78 24430 29415 26449 21890 24784 21688 12599 17922 20473 17278 13670 14393
41 2013 1405 29849 25730 15742 22289 177 13561 2067 29858 7252 16463 6549 15053 6648 5680 28112 148 5724 7276 24354 13052 21358 3661 848 23333 14955 1575 10425 10335 18760 17712 15103 19627 28497 11666 14499 23711 7440 8895 6176
38 2928 17413 23899 15560 2290 13666 3881 28398 1344 27289 9746 17353 560 10373 22613 18987 29644 12462 26411 27893 19903 19226 20816 27531 24370 8806 3776 13957 3241 9749 14782 1192 24871 26407 18715 13332 15001 8941
10 19390 5489 28701 14 12577 15250 16930 23615 26161 23148
6 26972 25489 17512 25009 2729 25349
17 2851 1885 11818 4932 5025 3830 17765 4035 29406 8542 29465 757 1147 11901 7965 11833 5919
23 317 11610 29129 24646 15135 27284 17253 19923 20633 9 12446 28577 22530 10131 29684 7683 28918 18603 17422 11727 29310 7562 29777
36 12351 13197 945 2391 8177 19166 3527 26219 29459 22865 21028 13427 941 13452 17894 26392 23671 10091 25481 15792 4968 371 11519 568 4177 6309 5122 8274 3547 9413 15529 11658 1518 15771 20025 18141
33 1401 17982 26492 27261 5439 475 7373 29524 23708 29023 15283 5009 13654 10776 1503 545 10236 19052 6023 419 17145 25637 25734 15716 21435 24845 28291 29326 15125 5563 4743 14748 24802
31 12009 1041 2796 9110 20828 8810 6924 15608 1581 26193 866 14326 11461 13587 10470 9316 69 7764 23408 6433 27763 19202 27830 15014 13855 22663 9412 4062 24715 29763 13521
8 28219 19257 14367 24060 2297 8712 15395 25563
31 10526 5094 17609 19418 24872 1403 22287 26508 9164 18898 7067 7713 9371 17916 26267 19685 2321 18288 283 9203 8191 16830 27659 2809 12124 28322 23477 17211 12823 8234 25901
6 5215 2283 3130 17751 24390 12946
45 27987 13172 18919 22590 21401 23576 18902 17941 12126 3621 17377 1706 17351 10170 26352 29005 7851 993 21563 19306 13467 13949 15209 1049 2287 17534 505 19952 1299 11351 1202 2843 14930 21170 27510 16303 23266 10082 348 2316 3600 5785 3806 674 6925
48 6064 28453 426 50 25267 24515 23119 14116 5672 18372 1074 14818 15944 19860 16294 26946 3556 6350 13842 27375 4681 18073 212 24671 24166 775 19845 2566 28977 12251 927 10954 23366 28603 5389 16310 26577 20327 12385 24562 19631 1577 6955 22771 9680 21197 24201 23279
3 6099 1770 18836
47 26018 23304 1273 10156 24879 1605 16085 1952 22526 8212 12271 19706 16696 11980 16853 1375 21759 9944 209 3909 11774 22019 27161 2601 10564 5107 27206 29981 802 23538 8199 8918 6514 13301 14103 3237 10827 1238 28524 17140 18611 18405 9394 7187 148 11679 27127
30 12082 8637 3496 8756 13019 20593 6588 26026 8352 4332 9263 9957 28276 22819 946 753 25266 7891 15521 23450 2228 18882 14901 26612 21409 6985 10235 3035 25478 12047
45 13543 8361 999 7774 24002 8474 25853 788 18316 3210 1356 14738 25214 29280 11060 28156 10702 17930 11690 2638 419 97 2449 8598 3946 20081 14664 1922 29592 9383 1187 11748 11889 28683 958 28381 11832 21472 8751 1257 26567 17578 27052 2599 18737
48 15789 15436 16295 19489 26243 3480 21656 11787 11465 3065 9756 4810 13546 2495 16019 5966 13284 1152 3977 26625 24907 24332 5086 27224 19088 627 23843 9383 27523 28262 4166 22585 12311 12300 5490 416 17253 6358 2561 13130 20468 17349 27860 2341 5432 23050 27668 23972
47 398 7673 22323 26165 29395 8955 18343 21671 11595 4712 3114 265 9127 261 2373 22009 28323 23288 510 12889 496 5349 19061 17305 562 808 29370 21817 7291 3939 24017 14729 23559 29576 4168 12212 21018 984 4856 27388 15223 18013 24282 8007 24579 902 15132
44 377 5121 16756 5478 8798 18430 1925 3137 14648 12656 21920 25589 9211 20423 16892 7935 28612 2253 27113 22992 18633 29374 14193 27672 9872 3019 1120 12100 2144 26784 23125 3653 22006 6229 1002 17044 14456 24258 5937 25203 2687 21734 4271 9333
31 26762 798 1808 20827 2545 16061 29842 18121 16371 25658 27266 22271 18810 26723 3593 9640 22028 27721 19392 15746 5051 15047 1003 1575 13178 11026 12983 9519 29569 4496 28096
3 10482 13038 23254
29 3260 28013 1025 24576 20415 3196 11458 6443 14898 1372 3228 25793 23106 17696 4819 28037 1532 10019 6004 20705 13421 3455 7573 26656 29192 18923 2782 12765 29768
29 793 28603 4246 22688 37 19543 6764 26463 11617 7547 27835 11907 28679 5781 8842 2001 15111 2615 17120 25303 12086 17151 25573 22433 614 27370 2372 12135 15064
6 16851 20922 17951 24404 18550 26367
18 26550 11329 28682 6886 809 17372 1727 29010 12298 28716 28692 20451 28816 29231 5771 28985 2666 22568
22 18753 13301 17917 15277 12469 770 7389 28214 27106 616 17957 817 25262 12806 9605 26022 22489 8748 303 24184 15747 18954
6 16003 4335 8808 4017 28390 598
31 15231 23458 20255 11689 2298 27749 4989 21982 9388 2672 15641 27742 28524 7135 2034 20269 14977 19290 1427 555 3850 21959 116 8572 1181 19571 29107 23128 27438 7313 20516
30 19506 7122 1158 9839 1797 17206 2313 8736 3209 3105 19789 5280 2273 9137 27756 1813 13181 26703 20011 14416 27814 25988 11964 5959 12796 16910 6584 16838 10349 21556
28 23393 23689 20566 28049 20653 18660 17864 2752 23216 7100 24033 23557 22165 2732 4430 27795 17828 27840 18348 20633 2418 16890 5463 29140 12373 12757 2940 25733
40 16183 20086 29812 23804 21196 26199 821 17100 11104 2196 7082 5750 11661 775 24265 29093 22167 24415 11679 6852 22164 14490 13461 29481 5584 28902 15347 5517 10607 22757 24994 14528 1572 18431 8246 10906 10562 3836 18220 517
36 930 18543 4185 12612 19899 2545 2360 14344 3211 21401 14940 15 20033 24744 25053 17134 2012 2289 5079 21012 7792 21656 3867 1884 376 24169 18981 28212 16238 1229 19535 26959 18585 29000 10052 10792
44 6806 9398 11769 7035 344 1828 24842 24520 28505 9718 749 28127 7526 7195 986 5189 13550 8854 13991 16265 278 25988 17386 12500 4144 1153 8786 706 12 24092 12162 28784 17071 12168 5680 4823 8820 23700 17981 2136 12081 29660 14373 14999
38 17217 2666 13965 11820 4248 29036 19161 20036 19103 24748 24663 12877 17973 14097 16628 10068 23498 27802 16577 15605 996 8821 2070 22374 1491 25888 10008 8887 25592 22990 2478 19287 16946 23308 17776 8155 23176 18596
40 2763 27486 3778 3871 15581 7122 10325 8408 20119 27446 8376 10048 751 13507 22674 26992 2404 7051 4603 24369 115 29360 2016 1433 26643 164 5288 17685 7554 26064 11287 2728 17475 23977 11379 16979 16488 29632 19174 17430
42 1560 7972 18965 16933 1229 4685 27134 8313 9747 13589 6090 13037 109 16674 12691 2261 24336 18870 2165 28329 1703 24461 20183 15653 23400 11273 17180 372 8294 18316 20565 23742 7913 20261 4969 23583 17451 2112 5528 890 9860 19127
7 22702 20888 22621 21937 13879 8911 11133
10 3800 18949 1438 13750 168 17027 5066 7841 859 22574
28 28477 5555 3327 11269 12644 26214 29363 7105 1765 25089 19652 25385 1519 17469 3735 29785 4814 11697 2551 2582 3620 11672 25026 27041 4380 6357 5346 2255
40 21044 13695 5686 20087 26611 8307 17674 5677 10881 18687 17161 23694 8325 27836 8883 18474 1778 17364 4062 6288 73 369 7769 19043 11888 14454 27600 16817 946 830 6383 28289 28408 14017 24010 8107 24198 22574 15741 701
21 28277 7439 14650 27710 2340 16797 23125 15078 25013 1156 6815 4761 6694 206 2094 10473 10121 5409 11294 13130 14093
7 20780 25437 15965 27284 6272 837 22295
23 20683 2644 28287 10141 17298 28981 7541 3118 27850 28432 15524 21666 20644 2281 2301 1917 25514 26761 27748 19805 14603 3490 16040
43 27443 701 4793 2393 29343 10439 25621 15820 24304 15643 14468 13433 9790 20337 2565 25263 2430 15144 3336 6002 279 9471 9949 26653 15617 27867 10349 20556 21791 27844 8488 2296 7615 10544 24126 23268 27568 22148 27154 28728 9347 22488 8172
39 4069 6906 10221 14696 21292 134 28489 3306 19247 26709 28848 16679 14427 26980 24845 11701 28931 7863 5235 17832 3576 10157 12116 21500 17754 23732 709 22323 26541 10256 23582 16446 13103 23513 2534 6305 29033 10563 25551
10 4869 7459 1885 20451 15839 17838 2684 18785 351 25987
50 18044 9477 22508 820 15720 17733 2656 16550 1235 12950 12109 2180 1719 18118 3605 15207 7330 9360 5206 20225 24308 5488 3183 12236 26009 1158 7488 20915 23321 2474 513 14606 12732 4111 21109 4052 13297 13594 8848 6924 29680 21349 8982 9349 24223 1359 8630 11463 130 1687
17 1049 29975 7705 29507 21221 26513 23559 16290 2184 28323 26140 2199 2606 16815 16445 25553 12302
36 25217 23626 529 29764 23619 27892 5001 15805 11637 1429 18208 26651 18998 3888 3854 12546 1911 678 2144 20242 6395 12381 14741 25543 14286 5968 11194 17566 27320 3207 584 24442 7969 25240 5276 15941
48 10862 7416 28122 477 29001 8793 19491 9991 8198 8377 382 1219 24481 24757 10598 10426 9976 24129 28239 872 21969 1946 7377 2215 287 26748 29193 16547 21633 5526 10557 17098 11532 27707 3262 18738 20810 1322 3603 27999 27266 8880 10579 3605 9018 20796 6099 18283
36 21491 5633 12577 16212 11190 16528 22323 10785 27009 19670 8366 17678 27621 8306 6339 1318 4280 3121 19994 23249 12043 11827 15465 12589 27996 16201 29764 23163 18445 20386 7 2030 23573 13991 28178 19936
35 14883 22404 9238 17647 12455 7403 15173 8818 9005 18283 19413 2216 12795 24381 16868 17492 16586 538 27278 15653 11816 5881 1644 25104 6683 277 25946 7182 7 16402 28542 14402 10193 20161 16262
42 12869 5890 12848 26661 17589 13545 3856 2819 6115 20293 11918 25117 28194 17709 16686 12916 13495 23003 7188 24622 21637 21182 11975 7494 186 15306 1589 28802 15332 17939 247 10405 14968 29850 6359 4070 11348 2918 25999 29602 11187 29911
23 21582 29313 4408 5011 20911 26047 9363 1147 10061 28714 22217 8123 19749 28695 1201 26637 4254 15522 2721 8435 14782 1543 8027
7 4254 5456 14602 9435 22299 12081 10910
37 2767 7728 2707 29767 832 10248 25288 7337 16470 29264 4751 10176 2019 6744 5888 24334 23166 1108 11668 3073 14048 9660 1263 13685 1331 20210 28668 22139 14552 14374 20287 29273 6536 21879 9319 10706 5005
15 1059 13735 22578 29760 23095 27229 25208 29811 13263 10561 13322 321 1043 25258 24179
50 5883 3454 11407 15490 9829 14327 63 12377 17765 5543 14433 4253 5596 11962 13056 8061 1820 5244 16327 9026 17898 16155 5820 21041 29941 893 10027 13747 10055 1092 21215 18611 19242 6497 27032 21832 5740 15064 906 21908 29622 21171 17219 23532 23065 12681 207 17976 17130 29232
48 16541 12752 12672 5959 23386 795 29530 25031 14320 29783 22761 6797 4486 6945 3112 17208 9355 15930 1189 20912 14749 17626 2436 14868 22442 12359 5318 21748 24917 21413 1692 145 8603 15888 278 17793 2998 2792 13137 13767 12865 3180 15761 8163 14750 1163 3291 25686
38 24566 28390 7817 16957 10106 3618 16574 14368 7053 28410 11334 1642 11815 21078 6644 12162 20179 8549 26323 13068 15621 18073 6420 25326 21678 6131 12618 146 2318 13952 7130 636 457 1828 22188 10556 3646 10390
26 17814 25364 2732 15453 29648 22037 2777 14722 26523 3136 14836 9379 29990 19993 12090 9620 7231 276 3223 299 20156 11858 6177 23723 233 28123
14 21891 1842 28621 5351 16697 23635 4611 26212 10657 1935 21274 11866 22866 23342
17 9803 3162 18890 413 25405 6449 17532 24151 29701 9708 8530 2256 13509 15795 8228 12883 1668
8 7543 18128 797 14042 27809 595 13483 1866
21 12508 14819 8780 12163 442 194 3937 1937 29641 19625 21970 21996 15886 23238 6647 7757 1472 885 1193 25876 8538
37 2282 16962 4590 5953 13300 1430 9916 23559 8528 12262 2515 7803 24920 7649 24087 27762 798 11731 1460 18822 24927 24280 2706 353 15282 19060 22329 28472 28677 18483 20759 24213 26698 29836 21456 26970 4206
48 421 467 26763 25520 20792 16683 1886 29586 12223 337 8443 20679 28983 11229 26047 392 2010 23646 19847 2401 2068 22294 8991 24775 7091 17336 25598 4637 4893 1392 18480 1464 759 21540 1683 15186 16163 1482 10566 4572 29401 24602 1631 11623 2505 14773 12508 29764
18 5190 173 26474 12792 3607 14864 23065 8021 27655 19308 19645 23166 27532 1522 28437 10825 196 5072
27 25707 6384 2760 28168 26509 26706 13490 24441 1651 11542 13469 340 3193 1439 16155 1481 29326 23364 2702 29553 15910 20747 20989 10804 14491 4020 27948
39 4084 4858 3243 1344 24760 23573 26717 4445 4613 11651 4443 22214 14300 13320 1770 1791 28607 16628 6059 11892 27518 1140 25362 23 7758 8267 3865 1097 16411 23027 1590 12030 6943 5566 20874 8476 22452 1090 25435
38 14950 516 26052 22294 2125 28820 25003 607 1434 2762 20980 2611 17007 6207 452 26450 10740 15184 2297 2246 1959 9806 21032 27162 451 7369 9942 13298 28933 6670 5595 13990 27867 16622 24404 769 17821 913
5 22858 23345 23467 9310 5584
9 23070 29261 9323 3904 14240 2403 14705 10726 17615
35 28934 4760 1394 13560 25736 22611 23281 18630 12074 1113 14904 3955 9694 19573 22168 19498 18041 16813 24606 10577 8721 13558 22088 12291 18090 16475 24261 21441 27666 17793 1101 26212 26634 8501 13777
35 11686 15687 19748 26882 23543 29851 18074 27529 8167 2125 2079 951 28003 20021 892 24373 21440 12251 6085 12032 29015 29549 11847 9497 19059 2031 1840 1359 1902 6642 2271 4442 24086 21384 126
14 10837 13879 2156 19710 1250 15708 2608 4952 4178 23026 14811 10354 9123 18275
33 4650 23482 8861 22444 2261 21083 569 1105 22817 7033 14328 25171 9323 6303 21183 19863 22801 7054 23174 10951 28987 7208 29883 8803 26870 1420 523 27702 19312 24195 13620 23258 8299
14 3092 16510 19948 21905 24326 4327 16947 1140 1343 25781 1216 21512 356 16872
5 17641 16815 19874 1142 16880
12 19246 5751 14170 10153 3138 29336 9511 14070 13953 17578 12481 12794
31 26678 1198 25247 22170 6558 13991 9343 26254 11859 23322 2430 13224 7497 20397 4058 6582 27560 1540 151 18379 20933 9220 28660 19081 11344 27737 3666 2972 3535 28149 23158
22 1098 14602 13532 21155 26440 14938 15694 29284 16891 19613 11958 687 11704 1011 11569 345 12458 11194 14948 23106 29894 24018
28 2962 27393 1967 239 10546 11969 4095 4016 1438 15762 24797 3172 265 22299 11221 4103 18114 6480 7001 20051 22421 11497 4755 17881 2677 5650 2891 13905
40 2100 2828 20783 26597 1300 29570 22647 21067 2362 12839 8145 26785 4981 4895 9184 20948 14590 15199 11216 22061 1930 3605 10542 4051 963 324 18941 1170 19785 9647 28934 3290 3461 26105 2159 11275 13551 16650 25231 15855
42 949 7425 7560 26971 17815 14839 10509 216 11586 25553 18223 6305 16283 3823 20896 16176 16000 28099 2262 27576 23214 27434 29965 27411 15586 7932 22667 6396 10815 28897 5927 14718 18416 23911 14092 1708 16910 4434 24251 18067 22980 20276
26 2109 7857 21309 16901 4120 22413 10579 17403 27334 24080 10597 824 2757 29199 3581 8685 13218 18409 22805 1994 1721 22049 1532 1716 5841 9804
26 16102 17942 11566 18718 27670 8070 28192 19904 1241 19297 28084 14550 8585 10202 14236 13409 15717 23059 1688 4763 28858 27464 1743 29907 625 17995
45 21623 4617 10544 25625 8819 2454 24393 10184 28857 28938 22357 17583 23073 1716 27124 13885 7284 16646 25694 17179 6339 7579 11093 25685 11774 24953 2648 10170 8642 11923 794 4485 2929 4754 12594 16701 88 29396 5652 24025 10541 1157 24896 3368 22536
45 2233 1344 6228 204 17849 12374 26422 4579 18851 18941 9549 17586 16185 16242 16778 1848 27663 20808 1602 167 1599 22399 15489 8871 4703 635 6562 12447 23984 1617 11036 5664 26776 6037 13471 18418 21843 786 13408 1812 12005 24330 433 7917 7251
16 14804 23288 21522 32 28433 23904 25536 5288 19974 13592 8210 12676 11583 29774 20750 17140
11 449 28282 2499 15740 29297 148 4890 6377 12998 979 27074
28 10419 6158 19049 29768 11596 12812 22871 13318 7862 26907 14976 1214 14894 12053 23469 4908 22348 9152 10711 29550 26761 9029 13779 17172 25856 6372 3125 12666
26 27109 17518 25174 20107 3282 2871 24205 19051 8419 11315 1867 17248 6586 24271 16210 13809 21328 23150 16018 8225 8752 147 17402 15345 13283 21885
44 17191 21419 28202 7867 8270 26484 23893 19687 12542 14599 24050 27212 2093 24449 23549 24325 2278 23811 27485 24681 8297 17580 9742 26265 18771 1940 13695 8277 13872 28986 2873 22804 25710 19025 3266 1363 18276 1638 14017 26925 9363 16149 1586 3372
24 20684 24572 47 24785 2352 7666 20140 26015 24335 19159 1640 364 18406 19413 37 4174 20532 6223 24011 21598 1294 4037 3563 6843
7 26360 5199 12754 9572 28751 16598 5340
13 17274 18559 28839 11576 2133 29891 26010 8803 26895 23848 10996 1741 28555
40 548 27064 20998 18397 21118 17626 29435 25898 13404 17207 6211 28534 5443 22108 7553 753 21368 2830 9661 6797 4595 1987 4175 16725 29794 12942 13567 28160 23665 65 11114 15558 3145 1405 8616 1602 21078 28558 1579 15289
33 16005 2282 24522 16239 8294 14271 21798 23560 19923 14862 29106 21050 25848 28584 9994 23040 22394 447 25 24685 29865 24122 7399 25653 25597 1147 8369 1599 9152 27935 17983 26265 24584
20 3698 21725 13800 18387 15645 15762 14055 18357 6165 29446 16561 13352 7308 21115 2013 2854 7834 13679 7695 15043
22 2081 10895 3016 9155 10576 28378 8093 15717 534 26022 1388 26775 11797 11596 10883 17533 1521 23857 10746 7136 27102 20357
29 7296 3547 13105 25070 6316 3584 1242 18380 1809 29972 539 23766 13520 27521 16962 26990 24019 15964 12617 29142 8032 22432 248 4248 958 3002 1641 20517 20280
2 13532 18364
18 12329 11725 2653 375 20647 29954 24607 11370 7190 5913 12527 18431 1419 29538 27226 26672 6627 18648
3 10230 4613 3926
25 27674 23143 28935 15741 18503 13268 751 22112 14949 20844 17608 1820 12322 6124 24415 12930 2769 25135 1457 21849 5496 28405 15264 5672 8484
25 22075 28262 15232 20940 6860 19984 13222 17967 16483 2379 24885 209 1204 18763 24996 2172 29708 1139 16342 12887 28042 16830 14830 8296 14219
2 6500 21319
39 13474 20825 19045 10074 22300 22311 16254 18884 11012 26941 8731 4245 24279 14378 27738 10756 21061 9719 13553 23424 22602 4026 8817 14313 25755 21864 9160 1535 10307 5099 4618 27419 24974 17780 8049 11805 25382 15379 14242
44 5756 10885 13617 11398 2105 12109 4200 7031 486 5638 27460 16140 19481 17143 7873 15077 17888 1976 11607 17190 21843 2356 16069 14630 3253 20000 2317 108 28875 28523 19136 8151 25921 6438 14971 796 14409 27846 4018 28790 4485 17528 2220 1688
22 16564 4559 22247 25687 21525 29214 28646 20437 16744 8448 27633 1199 16387 10563 22575 29269 14936 15712 1986 16411 23241 24833
49 399 23230 19392 9319 20315 18421 26930 15884 18621 13338 6692 20565 4806 664 6948 12584 18704 18606 13380 12515 16595 29637 5658 4942 28170 10753 2059 5326 9169 6422 19402 20443 13330 10077 23067 5811 12896 15143 23773 5456 24099 3153 2631 20376 710 13336 17778 20437 1613
14 10263 6500 19803 17935 22939 13233 2307 3983 22344 24931 24877 436 4574 22483
2 17610 1098
6 4188 15539 10165 24653 11425 1872
17 24857 3759 6206 526 14547 24788 18706 24580 6876 24381 6025 29132 24384 20759 41 2976 27625
14 17996 15941 15890 1858 26926 18389 10238 4887 28484 450 5865 27775 1695 28696
16 9656 25266 22018 2012 17901 11904 29584 3763 2626 19674 20663 24548 10496 21752 14746 5832
17 7301 20487 9598 25103 3760 22085 1179 14424 1104 5901 21773 27140 17767 3798 24689 24539 19227
35 20838 14048 15265 11845 12882 13874 20138 23652 9091 23604 11043 10686 10344 18156 15880 14893 21761 1657 29561 5409 28564 20969 1551 1949 23202 1401 22640 26498 23321 13278 3361 7184 3787 18676 20636
11 10015 7893 2467 28377 15366 21756 25555 22676 19249 8875 26748
36 14210 10377 6576 7665 23744 1424 17306 26490 2958 13094 737 20645 414 27786 26733 23610 12834 9586 4506 19271 29315 21491 28267 22048 24406 4512 9264 373 3468 22518 23946 10179 23528 23544 18302 15934
4 19734 25801 16045 28603
22 11123 21702 21608 10407 8359 20443 23635 2466 26306 18597 2231 14675 29098 21569 26457 9320 21857 26744 25055 12182 25306 21827
32 7484 1803 606 24288 275 8259 2365 13071 1304 15806 12909 14303 23293 2119 16380 21061 18124 1805 9035 5809 1726 3081 8002 20985 13212 9359 18069 7827 18004 16915 12102 23048
50 9854 2620 3749 8926 12465 14130 9588 24652 15897 23586 29803 19027 19075 27044 1970 16952 16946 10945 28235 18428 14895 24877 16669 1107 737 23941 2273 3318 18653 27861 1425 19045 14335 16221 27501 18609 21690 11413 15057 29097 2684 830 13940 4467 22390 2219 26897 29998 27850 25232
34 23765 1942 14345 1405 17510 9600 11727 7872 18500 18658 14583 5792 10458 4536 21739 15521 12674 20231 16749 2829 1701 6560 25048 3682 7971 710 8617 18362 27893 29741 575 5003 993 22643
42 26768 349 1427 27643 775 4360 6087 12980 20509 1302 19918 4509 11687 1514 26175 16834 21010 2953 26397 9961 28829 13868 939 28183 28101 19158 5250 38 14337 9335 21984 24758 6320 1600 24643 146 4432 21512 3895 27924 6384 10735
3 1483 19944 5953
18 28060 28615 157 1866 2599 13709 27990 22079 28716 21531 17433 19953 23390 18663 15056 437 12950 15604
50 14008 2075 5122 21005 3288 28448 1746 14110 10680 19086 4300 19390 6675 980 26644 1272 23888 540 6554 12136 20311 10481 6050 8710 25764 2014 27556 27620 27801 6536 11076 1593 19993 21278 14724 8159 29266 13279 10297 13594 20954 28125 19900 12891 22526 3073 25313 8308 4183 14672
12 15148 21150 3436 1043 16868 24768 606 10656 15227 11061 610 23944
7 12174 26147 5184 9798 9550 10842 28798
46 27899 1649 16414 14558 69 17052 11286 12231 2950 3658 9388 9064 18361 1703 24039 5373 3696 1638 28739 349 22065 8895 29096 26146 10305 1155 6813 8714 3956 13719 19386 13469 26947 27088 1883 8464 19743 11484 13212 826 2261 5010 14465 20197 6739 29098
35 8343 2218 895 4341 26961 2612 25876 10637 29640 18775 1317 9987 9202 7787 11424 21715 16563 937 8580 9948 185 15781 20169 3417 24229 23293 4016 17682 827 14866 8059 676 2251 806 7472
21 29473 26598 1899 27421 18601 26619 2194 682 4296 17372 23165 19123 21175 4582 27413 1544 16801 10670 8299 28982 23231
35 2044 1433 11970 6814 21796 10989 23153 13949 11010 6694 29331 5105 7003 16449 26383 7507 961 12171 8530 62 2308 4160 25073 28305 14345 28742 8591 691 3531 15131 978 29943 2703 28173 21681
17 19373 23721 528 29703 14460 6517 3952 14074 26460 22242 25920 18055 21498 21628 25177 11466 19151
15 1144 3331 11754 5376 12877 4843 448 27377 22964 27721 6753 5957 8449 192 12316
11 10674 23531 1318 8307 17791 2172 1399 230 28037 1216 22069
9 13476 26519 26453 18949 14630 12131 9791 1949 22945
43 12258 9374 12574 17075 17192 21211 7802 421 9083 17318 23309 21074 1160 29833 25738 6316 25411 13367 15910 15654 28715 29633 19709 10110 28367 14349 21425 23514 11921 16261 20820 28183 170 12300 18312 16222 20334 24886 11236 14840 15057 5816 2202
12 24107 16157 4183 15525 9016 2747 10603 6368 18019 28390 13354 29223
41 26979 4242 23696 2151 6175 10030 6026 9551 1009 1033 28017 15802 26302 1751 12640 2551 9228 17313 20295 28054 3481 16560 8765 12431 16988 5532 1303 12645 22763 18164 20793 28348 29935 19217 16300 10569 20693 15606 24689 19929 4039
48 7189 16533 27611 5547 29574 28036 5258 12650 29221 16977 20835 16731 1564 31 15616 2000 13042 15802 11322 13859 21085 24896 5529 29301 22359 15039 3342 18550 18291 7761 10213 916 24178 16006 23797 21399 4113 448 13594 2876 23590 8165 24549 12832 10475 20352 145 28128
43 11241 18233 1663 1850 13014 10825 2568 14776 6738 21555 21364 20281 11966 6499 925 2991 21013 2676 25748 6826 116 372 7777 17778 2217 29317 1737 20306 4394 14070 2692 27702 28794 27730 4303 1401 17033 13799 10512 16632 22921 4522 15289
14 2856 24616 17006 16117 18890 10432 19306 11001 25366 28176 19487 10800 1973 9901
21 16888 86 11799 2356 11759 13302 16876 477 26305 25438 24411 1446 2878 15853 5340 13069 24496 13207 7198 8383 22379
37 20545 24289 23717 27616 21574 2495 19080 7426 2196 20195 19846 22284 22492 13368 7661 21220 21102 23151 18619 23647 29069 16034 1411 16645 4401 16183 432 7188 4396 26632 778 9160 2096 18880 20311 23514 1582
13 10915 20806 23858 19940 17059 17234 18989 27095 16727 24012 3138 28494 19726
22 23398 18364 13694 4185 7698 14849 484 11430 10042 144 2185 10016 4227 2769 9910 26635 1201 28100 4777 27660 3678 18408
1 26418
15 7259 24917 6454 16847 26946 6499 14082 12236 2107 9673 3441 14053 20785 22148 16726
36 26272 13185 20671 19988 29914 2667 14715 29877 25273 3778 26841 16050 21686 16429 22707 5139 21002 2833 2171 10621 17683 22370 27317 9640 23288 1161 19926 15123 1680 15015 10795 2551 10880 26698 29484 24185
41 9757 27954 7971 1201 28436 519 2661 24600 2233 8669 19320 9517 4016 14258 23988 21384 13490 6835 6115 28587 9080 6927 28165 12262 16934 11053 23157 28792 23051 5359 19996 13047 10613 5177 28900 11506 18378 1405 18031 10708 4052
20 2826 17419 1117 10196 23772 14698 25340 20996 1379 24268 22830 29348 498 459 4008 1844 21395 28880 2748 28817
28 20635 18459 13207 1454 18628 28938 2756 27817 17843 23191 10062 7343 28910 16958 25240 2397 28545 6119 4017 4370 24483 5378 1565 25041 22934 18902 18905 4410
22 5398 29849 28856 10839 14774 17492 29179 22897 1788 29442 12201 7037 18138 15269 28240 540 26235 12422 10656 17045 3356 18113
22 15736 5405 15107 7548 10625 7000 13203 21328 26046 6321 17295 12418 14068 14830 13177 12066 29760 27082 13042 12504 26362 16708
19 4566 25054 21053 3622 26635 21358 66 24124 17049 22418 23463 10974 2138 3202 13013 19866 2190 12005 19940
9 26920 16699 2157 25100 12091 17016 15769 2281 110
22 14974 18869 15655 3708 10924 11265 21255 5843 13058 12587 25154 8506 11975 9012 14691 1842 17142 8183 6253 23436 15320 20583
33 26609 26840 9496 4909 354 27284 15361 26468 29228 10032 21376 18989 6718 22767 28318 23805 21902 27396 3733 5049 8632 6309 9615 27759 18152 610 9905 20292 2043 11701 22360 10925 7649
23 17826 8162 582 7392 2097 21392 19825 1 11051 14030 11116 2607 28293 23635 11365 29167 14722 11750 29780 26474 26486 5653 3550
2 20944 29226
22 12962 15191 24667 10706 537 180 15937 10860 17576 12849 27532 21897 16793 1424 9460 1821 12179 783 2931 3105 5484 26874
36 18518 11582 21106 6592 18186 2189 1373 29961 13648 7623 8941 26758 9867 22077 1877 1538 29467 5650 15754 17598 27196 27809 24646 23174 23338 2324 3155 2243 14730 10018 18438 11266 24837 16456 1034 16085
15 15100 6494 28616 21190 1613 26785 21398 725 29423 2398 1949 27036 2374 25027 22672
10 1473 28102 16748 10827 28521 24393 22189 19815 1930 125
22 5546 15025 19910 12477 2856 10790 23006 7759 10532 18268 6908 5619 376 12247 2614 14442 12088 23149 2660 1129 23698 5536
18 26510 24568 16427 22954 23447 13442 28635 1272 25558 20877 1392 13614 2480 9641 5604 1762 24710 14514
28 1877 2054 14652 26780 5861 1666 1028 2479 22261 2480 7621 10471 3281 2468 1657 29106 6141 25067 12193 24110 1981 3369 5110 8766 29643 7334 20864 19678
21 14933 5559 5043 964 26165 5353 1974 17939 3787 4315 23347 6911 3535 12979 20541 1644 23846 15381 18725 27338 6160
40 10586 22679 7331 28717 6067 500 24952 10359 8635 27291 21412 26749 10572 23361 20713 21318 20575 505 4654 21364 22306 24074 6701 7972 8267 753 1852 13078 20396 22170 4206 2318 14088 1787 25898 3449 1318 24769 2236 6228
28 25952 811 27978 11276 24965 19595 1820 19117 13214 99 12870 18851 23452 7218 15072 12729 14327 1374 12738 21105 5107 16749 3307 28896 27427 23975 10020 22719
30 12764 25312 960 21705 6242 29799 19230 10519 16769 5939 22392 14346 16867 12954 17119 831 25926 12718 8494 4087 6516 4706 25241 3936 1397 28654 17545 23574 8451 3188
27 28905 24638 7651 18999 15585 18337 25116 1144 847 1797 15955 26217 24646 9220 28088 5886 842 10961 855 3922 15912 16134 17213 21839 26982 6894 5853
33 9436 28196 8370 16134 24195 1564 13093 8499 5549 15872 11952 28371 19014 11533 2884 27431 29017 27872 4328 24103 4821 1595 932 8398 29842 29997 18077 17337 351 9280 14977 1008 1150
29 23333 516 16514 20076 24685 28506 19255 22376 26221 9670 19699 26739 24781 23899 9291 4446 23922 29826 24025 29932 23130 2330 22845 27087 13000 2815 16226 10195 26530
19 11779 21850 18199 3015 15469 2312 14212 8020 15750 5055 10649 23978 25358 9934 136 14509 9765 10853 10397
39 6413 22605 836 21613 1586 28373 12807 19530 103 4112 2520 12925 18547 8509 974 7802 11212 16007 7731 8138 16546 5871 11389 6566 8991 17542 21707 1940 6126 29919 23475 21361 14330 148 20009 21472 2424 1272 674
43 10791 11101 13690 22 28374 23175 17555 16451 7208 26193 20032 25444 7316 10462 14177 8419 22447 515 23759 11593 3758 20915 29690 10324 25126 394 24272 12619 25879 9646 433 5518 24873 11299 5057 19825 12341 29727 20654 15178 20231 23502 21875
28 3427 13686 9868 2392 2581 940 16523 20963 4973 17865 699 25866 29467 26776 11522 9556 3864 12113 29964 13271 2245 10443 373 9269 3991 1261 871 7608
37 24166 5526 4770 17175 19613 27208 446 19562 20971 1737 267 9012 1241 11581 14778 1329 15556 1159 27814 29058 968 570 916 3348 7099 3822 4619 1029 18393 19462 14773 1652 4481 17519 614 25017 8765
6 15789 9637 22823 2639 10745 12042
46 11466 6797 15230 18600 1319 18407 27229 2187 3140 22910 20237 25437 24932 10394 854 7115 11730 9576 4625 1879 27592 4686 335 3645 5262 2428 9598 27081 1206 196 7160 1399 20136 16299 11772 17834 8874 1680 19377 2033 21986 3884 14440 16920 18127 2139
41 939 16404 15098 28242 2784 26983 26993 11748 3205 16297 84 6781 14391 22614 4676 17157 19669 29728 9531 2099 20788 9431 20696 23431 17684 2700 5879 29102 24147 27638 10885 20961 9825 11797 6291 24767 3060 28436 1960 26493 15613
49 348 1835 23770 1847 1266 28985 27341 4730 2918 2361 27821 10103 5080 21478 12763 29834 12807 22374 17016 20898 19761 20684 20181 14106 8281 25313 13099 665 1643 8740 25485 823 12221 8719 21530 4321 22534 26524 12663 13054 291 25864 2125 6738 5479 25303 25646 29219 25987
7 23790 19611 1846 1002 27632 11886 839
18 6126 2189 22513 17888 26653 22585 29342 21938 2352 5259 20375 23351 8635 29428 11819 22615 19723 16688
49 10849 5621 113 1379 7757 29 1449 2318 6724 4248 1576 2835 98 13731 3655 13139 11962 22165 17347 29992 16538 8210 23086 2174 29969 24706 931 16149 24239 2241 13273 10964 16524 9496 1354 2353 15499 25197 1124 23534 14048 29622 6431 1622 4816 27572 13824 10344 11448
36 22045 9858 13649 24986 2194 11875 21042 14002 10836 1034 10135 16902 24084 29698 12128 4992 15207 16914 349 7750 1011 19952 28872 28723 5900 23655 8979 2135 19120 21977 997 21725 13199 14806 14943 20318
34 28908 931 4405 16463 28865 5783 28226 2683 26208 29926 1811 17983 23249 19784 12816 10528 1516 21252 1269 6247 17262 11955 4742 239 24141 27718 12414 5217 9801 2634 22984 24253 964 3691
42 13020 2211 17207 26334 11364 26261 805 18874 26652 8644 13526 51 593 14729 23706 21734 21624 13717 26422 13847 13844 26733 4581 3494 17626 9989 5020 21822 739 7825 27538 15056 835 15512 976 26944 19464 23882 16421 18782 532 13331
43 20247 20862 8816 148 9965 5766 28930 12838 22436 23640 7905 5321 11326 9539 15154 940 1274 23883 1996 2081 6073 18123 3383 14201 5841 6751 14118 1519 6117 24064 29415 11512 18724 14193 2329 9721 26097 15835 685 10506 19092 3764 12368
49 28719 10724 9719 4243 25843 22827 24236 17695 5267 9917 5081 12843 29945 10032 25810 8842 27449 6808 872 27293 1939 10481 3771 10194 8412 15805 4175 6507 17999 18157 20322 337 24927 23301 28285 25928 5633 2684 1866 612 21064 24673 14501 20636 27937 22085 23285 22526 7488
13 20157 7684 23642 28357 6510 21798 2709 7541 17536 1232 26173 21198 12992
36 11192 21742 24556 13699 29116 25605 15997 26761 5567 17663 10180 11862 19631 24420 4664 23636 11236 29308 527 24502 15955 9654 26635 28925 1236 794 25239 8385 10694 21534 5394 8622 7969 18407 2411 29645
25 11408 20462 21764 18400 14815 20829 6881 17677 20054 1859 22931 14603 28247 3717 1801 23828 16012 18490 12896 27153 2134 1932 22214 29778 16548
18 13156 12161 775 15906 18092 11993 2483 2884 28176 99 14409 27033 6595 27553 738 15037 28099 2719
3 10568 29719 22279
22 2978 17493 1140 28783 26905 17512 3401 25129 21808 26256 29890 15911 5434 2218 19723 18888 17448 22706 20416 19844 26784 25222
6 12498 12623 10989 2695 3401 19327
4 11922 2006 2028 17895
8 10319 16851 15150 8211 22133 15437 1850 10955
36 27099 18511 3978 20484 21058 11764 11087 6873 2713 24753 3344 24557 29600 5912 18091 2288 12883 1746 18975 10299 5823 18971 9980 4204 25877 16545 15384 3920 13565 21864 12676 20487 23340 18466 20158 10338
10 1453 296 21904 20396 13261 9913 27642 3673 11340 28915
14 24300 4383 29717 16500 5572 22523 13969 10255 29957 3655 21696 21122 3560 1316
36 12422 19542 2427 18192 15785 24758 16501 28212 18161 1747 12129 11322 1218 4641 22673 24391 3073 5745 2998 23260 23162 26275 27278 18764 639 22475 4523 16756 14802 6583 15989 25766 20422 25728 5746 6374
29 9312 29637 13145 19523 6083 23285 9978 11789 5025 2240 2959 25596 25098 28752 4316 24341 28419 28892 12822 18182 14224 27730 15770 13066 12050 7524 1247 27149 3795
11 18601 28177 17376 2212 13696 22224 28439 29202 1121 16290 11136
47 5043 19618 3809 580 3196 2828 6284 19950 26581 12522 636 29638 26780 2752 10400 12791 23912 20388 1351 6108 16066 706 10973 15275 2146 27614 4645 25663 5591 25931 311 26 14747 8252 11803 3498 10279 28457 20711 22731 1395 3956 27318 12686 17888 13901 25866
7 553 25811 6803 23182 18327 18299 18688
37 14453 9398 21781 21764 4292 7886 5374 25844 25392 19729 5347 21370 8770 28722 2492 23675 18902 17900 26215 25394 15568 16360 18167 47 11019 8673 9808 12447 5010 19206 4593 2765 14099 11936 20496 7145 3728
23 11244 21257 6744 21867 23647 7533 7478 18160 14514 6151 6120 19354 12214 1290 6354 23179 13584 7651 13300 4888 6357 18582 14106
15 2087 6698 28242 19171 24382 17527 3235 28805 25562 28766 3324 20368 25015 29706 8043
44 22386 15990 351 11205 17612 7215 2384 6140 6653 14684 7373 22718 12619 1275 10902 28078 1754 22893 492 20169 8902 3637 27750 11337 26991 22269 3333 26057 17940 5081 4937 1915 25508 416 4277 1463 26576 8857 8625 24068 25701 9890 2431 10012
2 1831 19056
10 11811 27040 3672 9112 2464 27819 29503 17160 27988 5357
36 22110 28318 28003 18233 28983 24303 23582 13633 3254 7915 6910 22877 26219 1777 11710 16881 18042 9384 1024 22287 28921 426 24522 5358 18073 7046 1890 19095 22665 9264 11318 12514 29591 1148 9519 28065
16 20219 2103 22299 2059 13381 18152 3004 16121 792 2743 12810 4896 20959 1249 29915 2128
42 17652 4037 18708 25870 14817 2727 25749 18092 4833 11398 9148 29911 5062 7402 14743 15729 23987 3371 21246 13829 7134 774 18806 13074 28053 27060 2085 18855 12671 11324 6951 3888 5669 10183 20561 2960 5040 1125 13044 4464 25903 24852
37 17838 20349 6906 14329 29706 4697 23766 292 17257 16947 15273 13817 1328 7382 2402 7976 1540 27034 1095 1264 17509 10715 5527 821 22616 11691 25454 17699 27258 24772 14824 28066 1601 25536 3977 20538 11125
6 10461 2905 6928 28955 8027 931
22 9047 20367 10633 4647 2093 29305 15645 13500 1769 26160 1060 2608 13583 27082 9837 2936 18733 20608 9314 10646 7197 28686
34 25339 10671 20057 20285 13403 28758 21076 8888 26080 1009 1780 1011 9329 7149 26755 28623 16435 21466 9058 2694 13392 14331 3538 2248 23544 27730 23332 4671 886 7931 26959 13449 28069 26023
18 24615 21714 3916 1628 7649 20643 15899 20329 3469 16232 23987 15661 11744 13265 18836 17014 22147 22193
45 27468 6249 5633 15387 9244 817 17704 402 1766 14311 4730 17501 26323 8256 206 357 16699 966 2116 13869 7590 27008 6550 16149 6977 5877 20639 17664 19636 27714 1242 6664 29185 18027 26524 20080 2479 23535 8100 4569 2041 18335 3202 13497 27745
44 17766 24074 23736 26382 21594 18751 20258 2499 7555 8316 389 20153 19363 18182 24419 5100 26083 10233 26041 23716 29392 23865 2295 1553 19619 17066 5456 2392 2757 18852 28804 2717 9362 8353 1693 24161 12638 825 24614 991 27061 18001 17091 1953
44 29839 11212 22952 5572 3857 24124 13244 19877 18014 1994 1009 17580 16284 16725 9914 12364 14852 28293 19762 10507 10388 16560 1129 25734 5123 24826 18171 20662 22778 1473 19688 29811 5761 520 3487 14646 24760 18257 10332 547 3015 16609 9908 13383
34 20991 19823 5150 24771 124 28565 7256 14665 24762 667 12764 20358 182 7136 22798 25825 17736 28324 20557 6598 6893 17401 13248 4694 24770 6956 3667 21340 22451 901 1740 27523 27669 12060
8 15559 10561 10223 1745 1274 4226 23346 20840
39 22322 28390 15683 23148 20511 5549 26239 3908 1076 21725 7403 2083 15957 28883 25660 26374 3722 29578 12372 1561 2144 364 14020 28922 16524 28775 1119 365 19922 21828 28465 19026 20773 1540 27615 3589 18704 1148 12305
38 13396 23667 16446 24343 18387 4602 27110 13483 15276 5099 6614 6351 29608 2260 26536 17474 1749 1830 1369 7692 27248 4265 11071 25965 17416 16371 1898 14355 9953 22089 6665 18575 16535 15076 7489 22794 14595 27464
17 20020 18786 17873 13579 28286 20148 25231 15095 8585 23395 28244 6263 17374 3109 15370 6554 25311
2 74 26218
1 13403
36 1393 25132 21059 5208 26492 28820 8623 28006 24735 27018 13812 11876 12921 2750 3662 28851 3001 6070 12671 27672 8417 8059 11449 2575 16971 19090 1166 17250 4969 17709 4166 1739 18256 6563 9889 20726
7 3870 26013 3323 25021 24723 5034 14027
29 24568 1548 28184 10487 22961 4209 2714 5456 19531 6644 12639 8537 18540 24865 21603 19694 3338 11626 20576 10415 13276 3833 7399 5564 526 15510 17072 12989 12601
3 3119 6694 17554
22 9319 21945 15970 4993 6147 11084 18870 110 27811 9932 11351 2708 17012 1410 5372 21134 13315 26261 6591 28819 26707 25808
39 12898 2861 2166 2099 20385 8119 26995 29430 9271 24904 18693 16561 27127 9851 19547 1524 13694 1362 13996 27194 14942 24765 25516 2411 6780 347 12810 22580 17590 26465 525 3780 9929 26393 24704 2809 13938 9868 25883
43 5588 306 11749 2646 22298 3113 5639 10237 9053 7589 10498 6652 18632 18023 16884 1423 29690 27553 12311 8227 6315 4665 1162 14170 19859 23324 27988 17378 8071 6613 16806 2744 8166 14686 9056 15817 12851 25398 22999 1657 23811 7347 18901
50 8730 20122 12002 23905 8657 27373 1170 18036 3515 9476 783 20983 11911 28639 10793 13832 296 14011 26522 23783 12084 995 15486 25186 26250 2505 7507 1424 21560 16981 22830 25282 18076 6269 27903 2487 15049 20502 7189 17423 22827 8170 29157 8194 9583 12810 4359 4946 26013 2358
20 19070 1159 13210 72 777 29543 8715 6660 14618 20164 23859 2836 24469 19093 1849 29394 15402 10665 1429 6168
39 17478 18194 17667 18149 25105 12869 4086 12712 27437 13821 13794 487 13479 10795 27077 11830 27666 4644 15729 28080 26222 16372 1935 5608 22095 16885 27363 5411 11579 20129 25298 23748 11347 8869 1009 20487 26677 1334 2303
3 17442 26280 13126
14 10332 19773 26622 22338 674 1083 10531 24248 2303 16705 27303 20899 9744 13274
44 6408 22597 13139 25931 7597 665 2458 18887 10448 4005 17288 21033 15640 14018 23953 9268 1692 7278 1656 24057 27203 20977 26232 12960 11164 784 15297 17509 687 2593 3088 24545 12354 4496 5250 1883 385 19553 27562 9854 8872 1064 2529 13693
14 7510 11229 4 3864 8612 17286 8896 547 18869 27396 25458 22466 18934 3613
3 15602 26314 15806
40 10042 5092 25047 1131 13606 8947 15724 13005 29431 17797 954 28929 22425 26149 9911 18126 3541 7367 220 347 24008 16999 2055 1008 19092 26604 6908 24561 14421 13394 13 12344 11863 28168 3834 8578 2438 13207 3130 17981
44 10117 13642 14015 12227 4985 26437 28043 6763 18079 5045 14544 24604 13134 632 25907 20344 4073 18695 1486 20672 2515 20004 2121 23040 710 5010 11592 29575 16277 13369 27733 24730 20976 26537 11455 16490 15256 19119 29170 15171 11252 5670 1785 4101
15 14352 19762 5592 21428 742 27249 1564 26403 26412 40 8863 2276 27463 18934 3091
21 21907 25757 23743 16526 15537 27912 23412 2251 29214 4236 23235 11662 1498 29294 6253 16095 2919 2725 12571 6422 14144
9 1823 8443 20044 20174 25755 2859 5571 6290 4113
41 21616 8861 27898 17190 25864 1441 411 14682 17082 14815 18260 53 17415 13989 18491 11288 676 11029 6313 6615 22717 13351 1555 29907 19117 13298 24668 26723 5803 11815 24680 121 22775 19934 15028 2130 5462 869 11349 8077 26026
26 13151 11440 405 22488 4695 13991 18303 28681 10218 25535 24070 7498 28382 16115 26486 11804 14922 21332 122 5050 514 5806 20305 16871 21334 26472
5 15337 14844 8620 18455 29398
43 4040 7405 22798 3496 14804 2193 20233 7750 22677 16835 19795 26378 28578 29648 28628 1437 21189 15974 18005 7622 6820 26533 3648 10310 19617 29817 14759 422 14846 6952 26504 18302 23109 17447 12624 29976 9447 3378 29085 7973 11811 667 26696
13 2857 739 24483 3661 16768 135 14079 156 17829 5660 322 3822 19701
1 20439
16 412 21510 12565 18532 4335 2282 19365 10126 1527 27529 13646 12783 28207 9015 1587 22706
5 27606 6160 17714 20043 20406
38 7020 25847 4830 29188 16565 23595 20315 20607 1400 1326 11224 17413 1331 3213 24687 1813 10227 21470 2191 11171 16908 338 10815 13083 9725 687 18897 26532 21476 1727 17307 23202 798 23011 23058 11390 23298 16909
26 425 9167 1484 8135 18654 994 1209 1230 13992 7469 23122 25083 6693 7908 948 8794 28425 8057 13726 1742 20709 21195 8500 685 13226 28827
28 11233 1385 24383 6753 23355 7516 362 17134 28923 7210 28491 22985 2269 8551 21029 19915 1334 1322 1711 1517 6704 11780 2317 14165 9603 2653 15951 26849
9 5857 16585 11689 3186 4171 13011 21744 21934 20897
40 12411 9371 20080 11013 246 3655 601 13763 403 27944 1180 28774 22260 9322 22548 19105 25931 11656 2404 425 20928 9242 14672 29841 13075 17390 5295 7974 13698 3417 16511 5308 13805 975 9273 2424 6200 15026 2182 23280
44 9320 1235 687 14898 22448 18753 28702 15305 16182 19473 16591 11927 26469 17406 12507 23350 24188 3610 20896 21471 23268 2766 691 22922 7105 5644 16652 7254 14279 22263 866 23340 20046 4230 29108 9887 20137 20884 10602 19223 18868 17756 17563 9775
30 21491 16016 27483 11333 11286 23465 7118 6902 6694 13390 13723 15766 20593 27689 24090 13101 1203 27026 2957 23812 1757 8523 29187 10238 13588 19054 14205 43 28925 3747
37 8859 1288 2710 15562 16752 21034 12969 19736 11831 3328 28646 823 2377 13296 2359 586 24204 7362 11481 4444 1711 23184 11790 17958 1623 11210 19218 14659 22979 2428 3921 9409 2214 15316 9687 15563 246
12 12296 1621 1057 19091 29841 25656 14224 21778 1390 431 28558 7725
35 9185 17786 15655 9059 8400 4186 25020 18239 7344 4515 2098 6924 7500 19207 4559 17722 27814 26255 18619 4398 3805 25833 14567 12344 20308 1539 1838 1734 10513 8153 1739 23000 3683 22411 5163
3 21448 28850 452
26 16909 9972 28471 27195 5047 17878 26930 16806 24994 29394 25672 595 17128 23978 12805 13508 9220 19195 9821 22552 6456 11541 7476 49 12332 16138
13 26984 1239 22021 2634 21967 7586 23773 13697 6472 21195 11754 8964 6149
23 16152 7694 26736 10094 21561 1012 14363 24720 11168 917 1994 18155 22763 23777 18128 1874 16928 14744 17639 11717 29436 852 21508
14 14983 23242 10394 1056 18156 5197 26942 21536 13192 23956 19803 8246 15681 28860
10 5952 4377 864 26581 1476 26882 2569 269 1406 27381
40 7833 7258 2318 2396 9569 11412 2842 7577 1897 1246 22659 1557 1289 24626 1819 15970 29613 25865 4456 11878 18126 28252 10383 7638 28434 21017 9988 26548 1487 17911 1968 1814 182 29277 12916 24874 6605 11393 23997 28791
32 7117 11864 13669 13278 20102 2440 4096 3279 431 19798 26361 29178 8235 25385 16365 19735 15651 24726 11498 12176 3495 10873 13104 11830 9624 20037 3892 9522 1685 1432 1211 782
11 6163 21316 8981 6244 3944 22007 11815 22000 29108 14461 23442
29 224 24415 8270 217 26466 1204 15783 5381 10618 949 3825 2721 5210 24756 24439 29353 6612 5245 23732 364 26971 1211 918 19219 1555 18381 20767 5524 810
14 28030 24837 23147 12468 27421 13829 4368 3609 26668 13144 7896 10688 17279 7889
41 8625 1156 2117 105 20149 2631 429 1192 25297 2521 2012 10672 20749 21278 18530 2655 25209 13734 18592 19811 7282 5102 18797 14152 23586 5640 21481 26814 19270 23368 29792 15854 4660 29761 7281 14350 27420 14575 28783 9523 1374
29 1031 1335 4412 91 18979 5116 15106 26098 15375 20512 16163 25896 1706 14257 166 21025 208 10578 5889 18869 17989 15038 26180 12950 25572 17500 24633 17797 22761
21 19706 26053 2268 15458 23524 24016 19103 12456 11419 21578 22937 10185 26958 3379 25109 29683 22077 19296 11492 18108 1352
7 11850 5233 17897 26475 1768 16810 22676
24 28437 20258 20254 3695 29602 662 14476 5460 19870 29964 6478 1382 21384 23942 8060 7799 25827 20919 27743 21677 8159 27429 5939 27670
10 8623 19755 24232 8531 6945 12982 15783 17849 6406 27137
3 13731 910 25277
32 10984 1184 22306 398 28706 16001 6708 3932 16655 15013 6981 25841 2615 1205 17083 1452 19407 15650 3091 2101 9182 2745 294 5635 17310 5224 1403 19887 21541 20335 18942 3001
3 23451 12320 2730
31 23519 17918 14922 1887 7268 14838 5906 15157 17811 1687 5604 22752 17776 1704 714 26625 25385 2668 6941 9100 12526 21029 6679 26737 20484 4567 20842 588 15125 25166 7234
6 2763 17250 23977 7325 26781 4986
47 5665 9192 8271 9368 11056 7489 13555 26079 26115 1754 18705 2091 29771 25155 13686 25656 8143 4771 4560 29690 14934 15591 8118 13679 199 25707 26345 7137 14735 5367 26330 143 4675 23003 364 29279 134 11070 762 11725 10798 17843 27548 20775 6306 8205 23974
45 15238 29557 21874 28882 2411 2489 3680 1047 432 17895 14618 1578 27390 6939 26397 8635 15074 26005 20341 11936 27308 23054 20679 20394 21704 2588 21653 3816 18266 26101 654 26954 4320 4769 7236 10584 16403 20018 18514 23075 6925 20584 334 26236 4529
47 15179 14437 12104 2365 25586 27845 20328 6234 29282 28512 6682 11263 6789 4869 2875 13218 9413 1241 2339 21583 22991 25333 20101 15099 23446 11644 11158 26902 3995 11184 25202 12127 4981 8891 19196 19563 9269 26755 22730 12241 21717 17004 4850 2035 7656 17165 3261
22 13347 8600 24745 13721 18193 19898 1212 18996 6152 1427 14616 10492 2092 26119 17616 16265 9682 23684 29946 19049 12376 17349
14 17694 27635 10758 16205 7015 21496 8600 957 2705 7295 27527 9172 2860 25365
42 25628 2610 22449 28380 11671 6950 29162 1033 17066 426 1638 14315 5470 21363 20630 17141 16052 25169 17568 16687 57 1897 15773 11684 987 13253 23557 3128 19963 27152 10343 20878 5571 1434 20062 552 650 29347 960 19664 13973 15317
47 9271 2337 4370 10327 7133 23934 11120 4806 3120 26846 12930 18239 16888 15662 1754 16285 15602 21316 5579 27761 16827 23130 6772 503 17136 3242 28665 4424 26004 12859 22804 16848 9394 17914 24781 16131 22595 28940 14469 11852 9041 20579 14137 16710 3421 14479 24069
34 19199 27607 1511 26778 1180 345 6854 7267 21372 9614 1971 23784 7245 19265 14446 2374 20642 18050 21548 2 22000 5 5527 4890 13018 20976 25623 24603 4763 3494 4688 23203 6053 5085
43 14921 16775 13047 19610 27532 27156 16271 25174 3338 7618 6994 11500 19699 21328 7696 12471 15036 18092 5394 17071 24856 1507 19631 15267 15396 10362 22554 28866 24545 6189 2942 5472 25320 13494 23629 27127 24921 20736 7125 23660 11285 27324 16404
49 765 27652 11981 28663 8858 12350 16091 13268 23598 20548 25542 29797 20938 1170 14228 14947 9426 21983 22241 10189 18398 17183 17202 8422 5042 26247 16263 1661 10353 22531 23343 25968 28429 28166 7904 16243 20226 27760 4103 20750 27716 6836 2349 949 373 1338 20411 9276 10844
13 15919 25786 12947 12427 15439 4973 15487 7411 29645 9487 21637 3679 4684
1 17531
42 22642 179 15197 10504 7999 309 7490 22188 18333 26540 3982 7595 18488 22356 5480 4576 19855 18352 20591 5313 8268 22423 14760 1370 17872 12460 26299 2712 3859 10978 12128 24338 2475 18752 18196 26575 1834 29666 7952 5236 11949 4929
40 27101 19634 28852 11999 1727 21802 54 13018 23435 19408 569 3350 6549 1720 21979 1098 7541 2555 17032 2722 22701 9394 25249 13709 2397 26225 3468 17814 804 26294 556 19622 25752 3282 354 25511 9704 26920 29140 20284
34 8067 28909 23727 10331 19373 29989 2859 27583 5181 25986 21803 20662 24496 19038 11826 5898 24507 1596 2237 14996 26336 28406 837 23716 15424 3688 17578 23715 25008 13330 2509 25590 14 13866
27 26918 28118 8976 2308 28222 1008 4822 12769 2373 13516 12800 15466 12045 6577 27016 1131 10107 27218 18470 1826 29896 4771 4302 1742 11319 23274 4729
46 8488 22041 11560 15366 12860 2651 10278 6398 29114 2029 15758 26542 11570 25135 2526 20380 6240 16123 698 857 8018 28725 12356 4260 9165 19363 106 765 10734 13567 3216 29244 14349 3659 12272 19347 28134 613 239 1521 5883 24027 19634 24953 15412 27136
17 15154 921 2320 15002 18688 5729 15280 2216 20947 13436 9961 7638 13854 2526 5143 21983 23691
45 6477 3209 22253 6764 1516 24050 21365 21192 18275 6984 11818 7876 4712 25487 13971 18961 2600 14750 2182 5360 21484 15211 16455 17819 26653 24201 16665 26848 24665 21999 10200 1551 27590 1275 14330 18966 23975 9143 29683 28139 2605 810 168 23594 25999
13 23847 23040 6493 28928 17045 14151 1041 10116 16487 18930 22247 188 26838
9 17902 10311 8588 22716 2351 20303 27812 9004 22318
35 15825 1322 28640 9967 12253 4014 12700 13345 11862 19037 26244 20680 26500 11694 23366 13484 6813 2123 16109 16758 5692 21434 13566 7280 1504 15420 19904 5516 5841 24565 22747 2680 27513 2382 17956
31 14000 26776 2232 2884 3464 4338 12360 15612 24682 15468 11443 2410 1569 7020 28634 20927 22069 13137 25008 13808 18891 4183 23184 138 1851 20154 6100 25316 6993 16159 24227
29 13321 10799 16650 27908 16933 597 14670 3494 17713 15306 3969 70 29417 29214 15700 22175 22953 25786 17452 11345 1828 2260 10616 482 1881 20931 3393 18690 20419
29 3842 1555 27344 11196 29883 10984 613 7135 18497 3789 20928 6160 24280 10184 158 20265 2515 26911 78 2366 6299 27418 4229 11645 17183 16394 17795 24408 283
45 28470 439 12524 10501 16877 22663 498 19065 15680 28616 10183 122 26111 20870 14815 17017 23656 18773 4241 5702 8861 22051 24357 4564 10069 23064 13358 10813 26833 449 21530 29701 17426 9838 8711 14499 17481 12248 2776 1341 1679 14599 9864 5812 1494
10 959 18144 25375 19306 20899 24349 2238 5297 23537 29702
24 15982 3404 11904 18219 22341 27605 9723 1934 25282 17403 12276 8394 17655 101 18622 10984 4454 5934 1107 22829 16673 25503 24454 10844
18 9700 14506 18521 8754 5928 6456 433 24135 25378 11997 23161 4654 18084 13554 11172 5291 1857 2256
42 16171 27728 13956 26036 26283 20574 17647 11244 23510 17576 27377 13957 13933 29945 3063 26311 28652 23793 15603 9838 4459 20055 347 16547 914 12720 22900 18219 960 13585 1488 22495 22974 23857 9237 22108 1391 11458 2305 28155 7387 22018
10 28676 6380 10893 13836 25118 808 15733 20157 20746 929
41 28674 15249 25930 15905 8 10683 8283 23426 7787 17474 25590 1329 6907 70 25354 2818 18880 13122 26744 2772 22588 9023 324 13894 2031 26440 29998 3291 29217 11293 13490 23425 14555 12588 17933 16671 18743 4540 28594 24941 4825
35 16668 14856 22718 19164 2484 19910 2565 13226 14068 6726 1530 160 24013 3020 18090 18219 29510 25420 2420 20751 823 17093 3565 11098 7509 21457 2439 8598 8126 15481 8739 1043 26743 22093 20196
40 11364 23477 5478 19225 5273 2642 4863 7309 12734 8904 11077 385 16056 7408 2720 15689 342 18953 5441 22532 360 21343 18818 24498 15687 26191 2592 11185 25937 19801 8951 21416 23780 8055 27741 1096 8621 1149 578 28528
14 434 25286 3777 11467 23022 13612 21041 10967 7668 26845 2323 7311 24818 17840
43 10517 23702 20840 28829 22256 24916 11903 21679 250 1973 22562 25264 4729 3058 24444 21936 20108 1985 3639 19522 9929 2367 4672 21808 25892 28463 5835 13421 11538 25010 28312 29771 6127 8439 13172 5870 6245 2514 1745 21103 1815 8379 20135
2 2119 4
22 248 22798 17055 4126 10744 12954 16021 28591 18739 29281 8467 29692 1337 2454 26818 19354 4766 14618 13435 4494 1136 15540
27 9478 24330 5188 562 10567 21593 22884 16882 16871 29468 29296 2311 24380 18337 25240 5554 12052 20173 24627 2187 1446 2892 9558 3254 21193 187 11942
6 564 19777 23658 10526 3878 2197
26 11407 631 29180 28386 783 29870 11202 24464 24182 25220 9483 16016 10015 1224 16826 29 5837 19285 14738 1676 26365 1090 29339 3908 5019 856
41 18863 8647 24009 1238 18081 17368 3614 3191 20761 2417 5234 1456 12309 13300 26334 1616 15019 13925 17972 16834 29270 19024 19184 7764 6030 14366 15979 3449 27803 21443 5202 9596 6826 7563 6231 23959 27937 24599 9254 15378 22320
29 29083 12207 632 28298 23858 6214 3857 15115 11455 17069 7159 27213 11871 23514 4484 29857 17326 8012 23636 471 11578 17575 10628 11765 10808 28830 9228 3411 16502
42 7247 6602 16529 11399 19953 26430 23144 23718 14313 24729 21968 3138 15063 15563 17290 10348 29079 17679 14962 21723 742 20591 29944 25487 5220 6282 25300 28595 219 19349 758 8136 2672 6588 21248 20119 27418 5992 15848 43 1688 17105
23 7071 1698 1833 20050 958 1518 11550 12015 23946 9986 13941 16764 15731 22228 100 24736 29126 3812 12174 26739 9288 22444 1109
39 6467 15142 28954 17748 19345 16527 22825 15502 3830 21867 28340 11219 11443 18377 2588 592 11863 13768 24727 12728 19161 5722 1198 7468 10724 16200 11814 28509 29042 3190 16466 7156 20892 3177 26727 4146 688 22022 25152
28 27013 27548 21635 13113 22027 20261 9171 662 4134 11209 1607 7050 9917 14500 27419 21278 13582 14537 2726 12495 4676 15495 12940 4095 8011 2027 8757 20425
6 17029 2942 8420 1011 21615 2990
39 544 5260 12459 3097 11423 11278 24174 1289 2583 21307 10420 1087 11755 19312 29942 15633 182 14950 876 20683 11767 19124 26478 18786 2128 13717 26187 1672 15081 6636 5661 27855 538 17541 19212 4112 12649 19870 17394
23 18081 12198 223 1623 13092 15172 16639 14443 20353 3227 7912 22816 11593 26061 9464 22085 15135 4797 26639 18310 28431 14874 6584
12 27425 16281 29022 10357 20525 7041 13757 26449 13040 19309 1382 814
15 16461 26279 23333 5693 28079 5594 662 20713 24125 27581 25530 6009 29062 27186 631
43 9985 24680 7508 5723 6734 1545 19982 16018 5312 22197 20554 15967 22553 16816 859 29000 1684 471 29062 1345 19497 12761 20356 20606 11532 28835 29449 14726 7543 10780 2435 25993 18089 22547 25700 8435 7471 20341 19876 13889 11362 28100 25408
4 15153 15044 14391 1619
9 21112 23511 7094 19089 11084 22308 26544 16194 3220
22 365 5656 18741 6258 2045 29467 4770 9992 27663 17601 731 18430 29921 18799 26065 2637 28471 3645 14652 26619 13498 19194
23 3681 7363 16240 7837 22892 22057 184 15479 83 4951 3825 19686 21675 15521 1326 17918 25480 7384 16782 3633 12774 15387 18160
8 6215 23793 7877 29823 413 20373 25896 18345
8 3985 13644 3123 29989 24462 9734 8499 25824
30 28555 7829 5928 6284 7802 19469 11308 7285 749 1104 21538 20887 29676 22660 13543 1337 28242 2037 21221 699 900 8201 314 16200 27312 22646 7447 19338 6306 2690
46 1186 21357 2988 6063 2455 5496 8889 10044 6158 246 12497 19323 2508 4971 23803 28837 5577 12907 29446 2157 2261 117 5498 3611 15119 21025 19406 6153 26051 2758 16603 45 27315 2591 17809 25097 3178 2399 27625 3839 205 10402 19994 2233 4595 23669
33 1432 16694 21657 6426 603 8330 16388 7139 1827 22030 4649 4771 196 2225 11641 29078 5503 24119 5930 25006 22014 8620 6199 28037 12734 3032 28584 1381 20644 23587 1251 25259 5786
11 29283 16793 2681 3203 12248 19243 9259 10094 1359 15709 17937
10 9668 17099 26018 19589 12821 22889 10069 19973 21512 4468
22 12887 2704 14505 15363 13109 2892 17844 7009 25821 23889 6123 21549 4968 4393 24380 29163 2647 14875 16484 10934 1343 3245
3 4575 29127 18024
5 24024 6687 17115 26016 17744
10 25059 28349 14240 28880 9001 26131 29798 21863 6891 11128
32 2736 9216 14333 26075 7664 29462 29729 17787 4654 28479 15940 20350 20002 29612 13662 21837 4767 24247 7152 14003 2643 4647 26427 1089 29341 18608 20145 8433 18078 25786 28585 9993
40 7268 22870 5186 17762 9927 5370 298 3698 20095 2343 26567 9664 3432 102 15741 18480 5541 2636 25649 545 27623 20618 13999 6723 443 11892 13385 7853 10309 15332 4033 18474 8797 27439 9578 10196 2695 17240 7305 21221
6 2692 14337 201 6948 29870 6704
45 18860 10908 20 8706 29608 15634 14258 19819 7394 22597 21944 1978 1812 19346 28257 19789 20979 14704 21913 12399 23660 932 10850 18221 19246 18356 12662 11109 22632 2669 17197 16671 20692 6856 20642 14112 25076 9019 17425 141 7580 17165 16516 28654 22192
1 1199
24 15151 13314 29976 3675 20336 15940 4475 22258 11948 16077 22892 13754 13501 29339 25662 14798 29989 7353 12324 21155 9042 23917 27798 224
14 2482 17398 2416 8352 5864 26740 24277 25112 28363 26671 13503 8011 16290 3228
50 6906 7352 18732 29683 21418 784 2041 23085 29864 5717 3297 18867 22603 10768 5639 24701 2633 27422 17238 19049 8812 15712 887 11402 16054 8628 10021 23235 18051 14372 10895 2965 21791 12894 11774 2310 3256 19044 25015 18147 356 4485 26915 13686 21862 11148 1021 2619 27309 18999
5 27904 19869 1979 4994 23147
35 10405 15940 1633 29602 15412 19995 7107 5667 29862 18729 12459 27501 17920 14768 10393 16737 15410 23344 29463 9003 26697 8912 659 17603 11751 9983 28510 18362 1264 10843 21280 15667 903 19922 22094
3 17465 11783 7695
32 1863 28663 11132 12116 22346 220 11254 20136 26690 3410 9148 2290 19120 29624 9916 13510 16660 13785 5034 27211 26841 11723 1360 4898 22080 2584 28197 7603 11419 21788 4640 21738
24 2990 21198 19442 17323 1795 419 14144 2975 15822 11406 22228 8487 8364 6351 21947 21160 5568 24589 17113 8205 22426 25507 1765 26810
49 2620 1669 13761 8738 1647 2236 29785 6551 20172 26833 13452 28652 24135 2049 16431 16111 14004 20936 7703 12918 21412 13996 21898 3581 7855 4843 1524 13712 25795 21638 9947 15852 13755 8637 1045 18401 25139 12173 19001 11002 2971 24952 14163 13152 1371 5764 17372 460 12118
11 22505 1500 24802 23200 24738 1192 23991 20489 23030 10613 853
27 8333 521 16331 16980 8190 19744 20869 18022 12611 25887 14694 17775 15722 7463 4887 27968 860 24636 18334 17559 18691 19367 20018 14496 11992 18584 28493
0 0
